(25,225.17)
(22.5,229.5)
(25,233.83)
(22.5,238.16)
(25,242.49)
(22.5,246.82)
(25,251.15)
(32.5,220.84)
(30,225.17)
(32.5,229.5)
(30,233.83)
(32.5,238.16)
(30,242.49)
(32.5,246.82)
(30,251.15)
(32.5,255.48)
(40,216.51)
(37.5,220.84)
(40,225.17)
(37.5,229.5)
(40,233.83)
(37.5,238.16)
(40,242.49)
(37.5,246.82)
(40,251.15)
(37.5,255.48)
(40,259.81)
(37.5,264.14)
(40,268.47)
(47.5,212.18)
(45,216.51)
(47.5,220.84)
(45,225.17)
(47.5,229.5)
(45,233.83)
(47.5,238.16)
(45,242.49)
(47.5,246.82)
(45,251.15)
(47.5,255.48)
(45,259.81)
(47.5,264.14)
(45,268.47)
(47.5,272.8)
(55,60.62)
(52.5,64.95)
(55,69.28)
(52.5,73.61)
(55,77.94)
(52.5,82.27)
(55,86.6)
(52.5,212.18)
(55,216.51)
(52.5,220.84)
(55,225.17)
(52.5,229.5)
(55,233.83)
(52.5,238.16)
(55,242.49)
(52.5,246.82)
(55,251.15)
(52.5,255.48)
(55,259.81)
(52.5,264.14)
(55,268.47)
(52.5,272.8)
(55,277.13)
(52.5,281.46)
(55,285.79)
(52.5,290.12)
(55,294.45)
(52.5,298.78)
(55,303.11)
(52.5,307.44)
(55,311.77)
(52.5,316.1)
(55,320.43)
(52.5,324.76)
(55,329.09)
(52.5,333.42)
(55,337.75)
(52.5,342.08)
(55,346.41)
(52.5,350.74)
(55,355.07)
(60,60.62)
(62.5,64.95)
(60,69.28)
(62.5,73.61)
(60,77.94)
(62.5,82.27)
(60,86.6)
(62.5,90.93)
(60,95.26)
(62.5,99.59)
(60,216.51)
(62.5,220.84)
(60,225.17)
(62.5,229.5)
(60,233.83)
(62.5,238.16)
(60,242.49)
(62.5,246.82)
(60,251.15)
(62.5,255.48)
(60,259.81)
(62.5,264.14)
(60,268.47)
(62.5,272.8)
(60,277.13)
(62.5,281.46)
(60,285.79)
(62.5,290.12)
(60,294.45)
(62.5,298.78)
(60,303.11)
(62.5,307.44)
(60,311.77)
(62.5,316.1)
(60,320.43)
(62.5,324.76)
(60,329.09)
(62.5,333.42)
(60,337.75)
(62.5,342.08)
(60,346.41)
(62.5,350.74)
(60,355.07)
(67.5,64.95)
(70,69.28)
(67.5,73.61)
(70,77.94)
(67.5,82.27)
(70,86.6)
(67.5,90.93)
(70,95.26)
(67.5,99.59)
(70,103.92)
(67.5,108.25)
(70,112.58)
(70,190.53)
(67.5,194.86)
(70,199.19)
(67.5,203.52)
(70,207.85)
(67.5,212.18)
(70,216.51)
(67.5,220.84)
(70,225.17)
(67.5,229.5)
(70,233.83)
(67.5,238.16)
(70,242.49)
(67.5,246.82)
(70,251.15)
(67.5,255.48)
(70,259.81)
(67.5,264.14)
(70,268.47)
(67.5,272.8)
(70,277.13)
(67.5,281.46)
(70,285.79)
(67.5,290.12)
(70,294.45)
(67.5,298.78)
(70,303.11)
(67.5,307.44)
(70,311.77)
(67.5,316.1)
(70,320.43)
(67.5,324.76)
(70,329.09)
(67.5,333.42)
(70,337.75)
(67.5,342.08)
(70,346.41)
(67.5,350.74)
(75,69.28)
(77.5,73.61)
(75,77.94)
(77.5,82.27)
(75,86.6)
(77.5,90.93)
(75,95.26)
(77.5,99.59)
(75,103.92)
(77.5,108.25)
(75,112.58)
(77.5,116.91)
(75,190.53)
(77.5,194.86)
(75,199.19)
(77.5,203.52)
(75,207.85)
(77.5,212.18)
(75,216.51)
(77.5,220.84)
(75,225.17)
(77.5,229.5)
(75,233.83)
(77.5,238.16)
(75,242.49)
(77.5,246.82)
(75,251.15)
(77.5,255.48)
(75,259.81)
(77.5,264.14)
(75,268.47)
(77.5,272.8)
(75,277.13)
(77.5,281.46)
(75,285.79)
(77.5,290.12)
(75,294.45)
(77.5,298.78)
(75,303.11)
(77.5,307.44)
(75,311.77)
(77.5,316.1)
(75,320.43)
(77.5,324.76)
(75,329.09)
(77.5,333.42)
(75,337.75)
(82.5,73.61)
(85,77.94)
(82.5,82.27)
(85,86.6)
(82.5,90.93)
(85,95.26)
(82.5,99.59)
(85,103.92)
(82.5,108.25)
(85,112.58)
(82.5,116.91)
(85,121.24)
(82.5,125.57)
(85,129.9)
(85,190.53)
(82.5,194.86)
(85,199.19)
(82.5,203.52)
(85,207.85)
(82.5,212.18)
(85,216.51)
(82.5,220.84)
(85,225.17)
(82.5,229.5)
(85,233.83)
(82.5,238.16)
(85,242.49)
(82.5,246.82)
(85,251.15)
(82.5,255.48)
(85,259.81)
(82.5,264.14)
(85,268.47)
(82.5,272.8)
(85,277.13)
(82.5,281.46)
(85,285.79)
(82.5,290.12)
(82.5,307.44)
(85,311.77)
(82.5,316.1)
(85,320.43)
(82.5,324.76)
(85,329.09)
(82.5,333.42)
(90,77.94)
(92.5,82.27)
(90,86.6)
(92.5,90.93)
(90,95.26)
(92.5,99.59)
(90,103.92)
(92.5,108.25)
(90,112.58)
(92.5,116.91)
(90,121.24)
(92.5,125.57)
(90,129.9)
(92.5,134.23)
(90,138.56)
(92.5,142.89)
(92.5,186.2)
(90,190.53)
(92.5,194.86)
(90,199.19)
(92.5,203.52)
(90,207.85)
(92.5,212.18)
(90,216.51)
(92.5,220.84)
(90,225.17)
(92.5,229.5)
(90,233.83)
(92.5,238.16)
(90,242.49)
(92.5,246.82)
(90,251.15)
(92.5,255.48)
(90,259.81)
(92.5,264.14)
(90,268.47)
(92.5,272.8)
(90,277.13)
(92.5,281.46)
(90,285.79)
(92.5,290.12)
(90,294.45)
(92.5,298.78)
(90,311.77)
(92.5,316.1)
(90,320.43)
(97.5,90.93)
(100,95.26)
(97.5,99.59)
(100,103.92)
(97.5,108.25)
(100,112.58)
(97.5,116.91)
(100,121.24)
(97.5,125.57)
(100,129.9)
(97.5,134.23)
(100,138.56)
(97.5,142.89)
(100,147.22)
(100,164.54)
(97.5,168.87)
(100,173.21)
(97.5,186.2)
(100,190.53)
(97.5,194.86)
(100,199.19)
(97.5,203.52)
(100,207.85)
(97.5,212.18)
(100,216.51)
(97.5,220.84)
(100,225.17)
(97.5,229.5)
(100,233.83)
(97.5,238.16)
(100,242.49)
(97.5,246.82)
(100,251.15)
(97.5,255.48)
(100,259.81)
(97.5,264.14)
(100,268.47)
(97.5,272.8)
(100,277.13)
(97.5,281.46)
(100,285.79)
(97.5,290.12)
(100,294.45)
(97.5,298.78)
(100,303.11)
(105,95.26)
(107.5,99.59)
(105,103.92)
(107.5,108.25)
(105,112.58)
(107.5,116.91)
(105,121.24)
(107.5,125.57)
(105,129.9)
(107.5,134.23)
(105,138.56)
(107.5,142.89)
(105,147.22)
(107.5,151.55)
(105,155.88)
(107.5,160.21)
(105,164.54)
(107.5,168.87)
(105,173.21)
(107.5,177.54)
(107.5,186.2)
(105,190.53)
(107.5,194.86)
(105,199.19)
(107.5,203.52)
(105,207.85)
(107.5,212.18)
(105,216.51)
(107.5,220.84)
(105,225.17)
(107.5,229.5)
(105,233.83)
(107.5,238.16)
(105,242.49)
(107.5,246.82)
(105,251.15)
(107.5,255.48)
(105,259.81)
(107.5,264.14)
(105,268.47)
(107.5,272.8)
(105,277.13)
(107.5,281.46)
(105,285.79)
(107.5,290.12)
(105,294.45)
(107.5,298.78)
(105,303.11)
(107.5,350.74)
(105,355.07)
(107.5,359.4)
(105,363.73)
(107.5,368.06)
(112.5,99.59)
(115,103.92)
(112.5,108.25)
(115,112.58)
(112.5,116.91)
(115,121.24)
(112.5,125.57)
(115,129.9)
(112.5,134.23)
(115,138.56)
(112.5,142.89)
(115,147.22)
(112.5,151.55)
(115,155.88)
(112.5,160.21)
(115,164.54)
(112.5,168.87)
(115,173.21)
(112.5,177.54)
(115,181.87)
(112.5,186.2)
(115,190.53)
(112.5,194.86)
(115,199.19)
(112.5,203.52)
(115,207.85)
(112.5,212.18)
(115,216.51)
(112.5,220.84)
(115,225.17)
(112.5,229.5)
(115,233.83)
(112.5,238.16)
(115,242.49)
(112.5,246.82)
(115,251.15)
(112.5,255.48)
(115,259.81)
(112.5,264.14)
(115,268.47)
(112.5,272.8)
(115,277.13)
(112.5,281.46)
(115,285.79)
(112.5,290.12)
(115,294.45)
(112.5,298.78)
(115,337.75)
(112.5,342.08)
(115,346.41)
(112.5,350.74)
(115,355.07)
(112.5,359.4)
(115,363.73)
(112.5,368.06)
(120,112.58)
(122.5,116.91)
(120,121.24)
(122.5,125.57)
(120,129.9)
(122.5,134.23)
(120,138.56)
(122.5,142.89)
(120,147.22)
(122.5,151.55)
(120,155.88)
(122.5,160.21)
(120,164.54)
(122.5,168.87)
(120,173.21)
(122.5,177.54)
(120,181.87)
(122.5,186.2)
(120,190.53)
(122.5,194.86)
(120,199.19)
(122.5,203.52)
(120,207.85)
(122.5,212.18)
(120,216.51)
(122.5,220.84)
(120,225.17)
(122.5,229.5)
(120,233.83)
(122.5,238.16)
(120,242.49)
(122.5,246.82)
(120,251.15)
(122.5,255.48)
(120,259.81)
(122.5,264.14)
(120,268.47)
(122.5,272.8)
(120,277.13)
(122.5,281.46)
(120,285.79)
(122.5,324.76)
(120,329.09)
(122.5,333.42)
(120,337.75)
(122.5,342.08)
(120,346.41)
(122.5,350.74)
(120,355.07)
(127.5,116.91)
(130,121.24)
(127.5,125.57)
(130,129.9)
(127.5,134.23)
(130,138.56)
(127.5,142.89)
(130,147.22)
(127.5,151.55)
(130,155.88)
(127.5,160.21)
(130,164.54)
(127.5,168.87)
(130,173.21)
(127.5,177.54)
(130,181.87)
(127.5,186.2)
(130,190.53)
(127.5,194.86)
(130,199.19)
(127.5,203.52)
(130,207.85)
(127.5,212.18)
(130,216.51)
(127.5,220.84)
(130,225.17)
(127.5,229.5)
(130,233.83)
(127.5,238.16)
(130,242.49)
(127.5,246.82)
(130,251.15)
(127.5,255.48)
(130,259.81)
(127.5,264.14)
(130,268.47)
(127.5,272.8)
(130,277.13)
(127.5,281.46)
(130,311.77)
(127.5,316.1)
(130,320.43)
(127.5,324.76)
(130,329.09)
(127.5,333.42)
(130,337.75)
(127.5,342.08)
(130,346.41)
(127.5,350.74)
(137.5,116.91)
(135,121.24)
(137.5,125.57)
(135,129.9)
(137.5,134.23)
(135,138.56)
(137.5,142.89)
(135,147.22)
(137.5,151.55)
(135,155.88)
(137.5,160.21)
(135,164.54)
(137.5,168.87)
(135,173.21)
(137.5,177.54)
(135,181.87)
(137.5,186.2)
(135,190.53)
(137.5,194.86)
(135,199.19)
(137.5,203.52)
(135,207.85)
(137.5,212.18)
(135,216.51)
(137.5,220.84)
(135,225.17)
(137.5,229.5)
(135,233.83)
(137.5,238.16)
(135,242.49)
(137.5,246.82)
(135,251.15)
(137.5,255.48)
(135,259.81)
(137.5,264.14)
(135,268.47)
(137.5,272.8)
(135,277.13)
(137.5,298.78)
(135,303.11)
(137.5,307.44)
(135,311.77)
(137.5,316.1)
(135,320.43)
(137.5,324.76)
(135,329.09)
(137.5,333.42)
(135,337.75)
(137.5,342.08)
(135,346.41)
(137.5,350.74)
(145,103.92)
(142.5,108.25)
(145,112.58)
(142.5,116.91)
(145,121.24)
(142.5,125.57)
(145,129.9)
(142.5,134.23)
(142.5,151.55)
(145,155.88)
(142.5,160.21)
(145,164.54)
(142.5,168.87)
(145,173.21)
(142.5,177.54)
(145,181.87)
(142.5,186.2)
(145,190.53)
(142.5,194.86)
(145,199.19)
(142.5,203.52)
(145,207.85)
(142.5,212.18)
(145,216.51)
(142.5,220.84)
(145,225.17)
(142.5,229.5)
(145,233.83)
(142.5,238.16)
(145,242.49)
(142.5,246.82)
(145,251.15)
(142.5,255.48)
(145,259.81)
(142.5,264.14)
(145,294.45)
(142.5,298.78)
(145,303.11)
(142.5,307.44)
(145,311.77)
(142.5,316.1)
(145,320.43)
(142.5,324.76)
(145,329.09)
(142.5,333.42)
(145,337.75)
(142.5,342.08)
(145,346.41)
(142.5,350.74)
(145,355.07)
(142.5,359.4)
(145,363.73)
(142.5,368.06)
(145,372.39)
(142.5,376.72)
(145,381.05)
(142.5,385.38)
(145,389.71)
(142.5,394.04)
(145,398.37)
(142.5,402.7)
(145,407.03)
(152.5,47.63)
(150,51.96)
(152.5,56.29)
(150,60.62)
(152.5,64.95)
(150,69.28)
(152.5,73.61)
(150,77.94)
(152.5,82.27)
(150,86.6)
(152.5,90.93)
(150,95.26)
(152.5,99.59)
(150,103.92)
(152.5,108.25)
(150,112.58)
(152.5,116.91)
(150,121.24)
(152.5,125.57)
(150,129.9)
(150,155.88)
(152.5,160.21)
(150,164.54)
(152.5,168.87)
(150,173.21)
(152.5,177.54)
(150,181.87)
(152.5,186.2)
(150,190.53)
(152.5,194.86)
(150,199.19)
(152.5,203.52)
(150,207.85)
(152.5,212.18)
(150,216.51)
(152.5,220.84)
(150,225.17)
(152.5,229.5)
(150,233.83)
(152.5,238.16)
(150,242.49)
(152.5,246.82)
(150,251.15)
(152.5,255.48)
(150,259.81)
(152.5,281.46)
(150,285.79)
(152.5,290.12)
(150,294.45)
(152.5,298.78)
(150,303.11)
(152.5,307.44)
(150,311.77)
(152.5,316.1)
(150,320.43)
(152.5,324.76)
(150,329.09)
(152.5,333.42)
(150,337.75)
(152.5,342.08)
(150,346.41)
(152.5,350.74)
(150,355.07)
(152.5,359.4)
(150,363.73)
(152.5,368.06)
(150,372.39)
(152.5,376.72)
(150,381.05)
(152.5,385.38)
(150,389.71)
(152.5,394.04)
(150,398.37)
(152.5,402.7)
(150,407.03)
(160,34.64)
(157.5,38.97)
(160,43.3)
(157.5,47.63)
(160,51.96)
(157.5,56.29)
(160,60.62)
(157.5,64.95)
(160,69.28)
(157.5,73.61)
(160,77.94)
(157.5,82.27)
(160,86.6)
(157.5,90.93)
(160,95.26)
(157.5,99.59)
(160,155.88)
(157.5,160.21)
(160,164.54)
(157.5,168.87)
(160,173.21)
(157.5,177.54)
(160,181.87)
(157.5,186.2)
(160,190.53)
(157.5,194.86)
(160,199.19)
(157.5,203.52)
(160,207.85)
(157.5,212.18)
(160,216.51)
(157.5,220.84)
(160,225.17)
(157.5,229.5)
(160,233.83)
(157.5,238.16)
(160,242.49)
(157.5,246.82)
(160,251.15)
(157.5,255.48)
(160,268.47)
(157.5,272.8)
(160,277.13)
(157.5,281.46)
(160,285.79)
(157.5,290.12)
(160,294.45)
(157.5,298.78)
(160,303.11)
(157.5,307.44)
(160,311.77)
(157.5,316.1)
(160,320.43)
(157.5,324.76)
(160,329.09)
(157.5,333.42)
(160,337.75)
(157.5,342.08)
(160,346.41)
(157.5,350.74)
(160,355.07)
(157.5,359.4)
(160,363.73)
(157.5,368.06)
(160,372.39)
(157.5,376.72)
(160,381.05)
(157.5,385.38)
(160,389.71)
(157.5,394.04)
(167.5,30.31)
(165,34.64)
(167.5,38.97)
(165,43.3)
(167.5,47.63)
(165,51.96)
(167.5,56.29)
(165,60.62)
(167.5,64.95)
(165,69.28)
(167.5,73.61)
(165,77.94)
(167.5,134.23)
(165,138.56)
(167.5,142.89)
(165,147.22)
(167.5,151.55)
(165,155.88)
(167.5,160.21)
(165,164.54)
(167.5,168.87)
(165,173.21)
(167.5,177.54)
(165,181.87)
(167.5,186.2)
(165,190.53)
(167.5,194.86)
(165,199.19)
(167.5,203.52)
(165,207.85)
(167.5,212.18)
(165,216.51)
(167.5,220.84)
(165,225.17)
(167.5,229.5)
(165,233.83)
(167.5,238.16)
(165,242.49)
(167.5,246.82)
(165,251.15)
(167.5,255.48)
(165,259.81)
(167.5,264.14)
(165,268.47)
(167.5,272.8)
(165,277.13)
(167.5,281.46)
(165,285.79)
(167.5,290.12)
(165,294.45)
(167.5,298.78)
(165,303.11)
(167.5,307.44)
(165,311.77)
(167.5,316.1)
(165,320.43)
(167.5,324.76)
(165,329.09)
(167.5,333.42)
(165,337.75)
(167.5,342.08)
(165,346.41)
(167.5,350.74)
(165,355.07)
(167.5,359.4)
(165,363.73)
(167.5,368.06)
(165,372.39)
(167.5,376.72)
(165,381.05)
(175,25.98)
(172.5,30.31)
(175,34.64)
(172.5,38.97)
(175,43.3)
(172.5,47.63)
(175,51.96)
(172.5,56.29)
(175,60.62)
(172.5,64.95)
(175,69.28)
(172.5,73.61)
(175,121.24)
(172.5,125.57)
(175,129.9)
(172.5,134.23)
(175,138.56)
(172.5,142.89)
(175,147.22)
(172.5,151.55)
(175,155.88)
(172.5,160.21)
(175,164.54)
(172.5,168.87)
(175,173.21)
(172.5,177.54)
(175,181.87)
(172.5,186.2)
(175,190.53)
(172.5,194.86)
(175,199.19)
(172.5,203.52)
(175,207.85)
(172.5,212.18)
(175,216.51)
(172.5,220.84)
(175,225.17)
(172.5,229.5)
(175,233.83)
(172.5,238.16)
(175,242.49)
(172.5,246.82)
(175,251.15)
(172.5,255.48)
(175,259.81)
(172.5,264.14)
(175,268.47)
(172.5,272.8)
(175,277.13)
(172.5,281.46)
(175,285.79)
(172.5,290.12)
(175,294.45)
(172.5,298.78)
(175,303.11)
(172.5,307.44)
(175,311.77)
(172.5,316.1)
(175,320.43)
(172.5,324.76)
(175,329.09)
(172.5,333.42)
(172.5,350.74)
(175,355.07)
(172.5,359.4)
(180,25.98)
(182.5,30.31)
(180,34.64)
(182.5,38.97)
(180,43.3)
(182.5,47.63)
(180,51.96)
(182.5,56.29)
(180,60.62)
(182.5,64.95)
(180,69.28)
(182.5,73.61)
(180,103.92)
(182.5,108.25)
(180,112.58)
(182.5,116.91)
(180,121.24)
(182.5,125.57)
(180,129.9)
(182.5,134.23)
(180,138.56)
(182.5,142.89)
(180,147.22)
(182.5,151.55)
(180,155.88)
(182.5,160.21)
(180,164.54)
(182.5,168.87)
(180,173.21)
(182.5,177.54)
(180,181.87)
(182.5,186.2)
(180,190.53)
(182.5,194.86)
(180,199.19)
(182.5,203.52)
(180,207.85)
(182.5,212.18)
(180,216.51)
(182.5,220.84)
(180,225.17)
(182.5,229.5)
(180,233.83)
(182.5,238.16)
(180,242.49)
(182.5,246.82)
(180,251.15)
(182.5,255.48)
(180,259.81)
(182.5,264.14)
(180,268.47)
(182.5,272.8)
(180,277.13)
(182.5,281.46)
(180,285.79)
(182.5,290.12)
(180,294.45)
(182.5,298.78)
(180,303.11)
(182.5,307.44)
(180,311.77)
(182.5,316.1)
(180,320.43)
(182.5,324.76)
(180,329.09)
(182.5,333.42)
(180,355.07)
(182.5,359.4)
(190,25.98)
(187.5,30.31)
(190,34.64)
(187.5,38.97)
(190,43.3)
(187.5,47.63)
(190,51.96)
(187.5,56.29)
(190,60.62)
(187.5,64.95)
(190,69.28)
(187.5,73.61)
(190,77.94)
(190,103.92)
(187.5,108.25)
(190,112.58)
(187.5,116.91)
(187.5,134.23)
(190,138.56)
(187.5,142.89)
(190,147.22)
(187.5,151.55)
(190,155.88)
(187.5,160.21)
(190,164.54)
(187.5,168.87)
(190,173.21)
(187.5,177.54)
(190,181.87)
(187.5,186.2)
(190,190.53)
(187.5,194.86)
(190,199.19)
(187.5,203.52)
(190,207.85)
(187.5,212.18)
(190,216.51)
(187.5,220.84)
(190,225.17)
(187.5,229.5)
(190,233.83)
(187.5,238.16)
(190,242.49)
(187.5,246.82)
(190,251.15)
(187.5,255.48)
(190,259.81)
(187.5,264.14)
(190,268.47)
(187.5,272.8)
(190,277.13)
(187.5,281.46)
(190,285.79)
(187.5,290.12)
(190,294.45)
(187.5,298.78)
(190,303.11)
(187.5,307.44)
(190,311.77)
(187.5,316.1)
(190,320.43)
(187.5,324.76)
(190,329.09)
(187.5,333.42)
(190,337.75)
(190,355.07)
(187.5,359.4)
(190,363.73)
(187.5,368.06)
(190,372.39)
(195,25.98)
(197.5,30.31)
(195,34.64)
(197.5,38.97)
(195,43.3)
(197.5,47.63)
(195,51.96)
(197.5,56.29)
(195,60.62)
(197.5,64.95)
(195,69.28)
(197.5,73.61)
(195,77.94)
(197.5,82.27)
(197.5,99.59)
(195,103.92)
(197.5,108.25)
(195,112.58)
(197.5,116.91)
(197.5,134.23)
(195,138.56)
(197.5,142.89)
(195,147.22)
(197.5,151.55)
(195,155.88)
(197.5,160.21)
(195,164.54)
(197.5,168.87)
(195,173.21)
(197.5,177.54)
(195,181.87)
(197.5,186.2)
(195,190.53)
(197.5,194.86)
(195,199.19)
(197.5,203.52)
(195,207.85)
(197.5,212.18)
(195,216.51)
(197.5,220.84)
(195,225.17)
(197.5,229.5)
(195,233.83)
(197.5,238.16)
(195,242.49)
(197.5,246.82)
(195,251.15)
(197.5,255.48)
(195,259.81)
(197.5,264.14)
(195,268.47)
(197.5,272.8)
(195,277.13)
(197.5,281.46)
(195,285.79)
(197.5,290.12)
(195,294.45)
(197.5,298.78)
(195,303.11)
(195,320.43)
(197.5,324.76)
(195,329.09)
(197.5,333.42)
(195,337.75)
(197.5,342.08)
(195,346.41)
(197.5,350.74)
(195,355.07)
(197.5,359.4)
(195,363.73)
(197.5,368.06)
(195,372.39)
(197.5,376.72)
(202.5,30.31)
(205,34.64)
(202.5,38.97)
(205,43.3)
(202.5,47.63)
(205,51.96)
(202.5,56.29)
(205,60.62)
(202.5,64.95)
(205,69.28)
(202.5,73.61)
(205,77.94)
(202.5,82.27)
(205,86.6)
(202.5,90.93)
(205,95.26)
(202.5,99.59)
(205,103.92)
(202.5,108.25)
(205,112.58)
(202.5,116.91)
(205,121.24)
(202.5,125.57)
(205,129.9)
(202.5,134.23)
(205,138.56)
(202.5,142.89)
(205,147.22)
(202.5,151.55)
(205,155.88)
(202.5,160.21)
(205,164.54)
(202.5,168.87)
(205,173.21)
(202.5,177.54)
(205,181.87)
(202.5,186.2)
(205,190.53)
(202.5,194.86)
(205,199.19)
(202.5,203.52)
(205,207.85)
(202.5,212.18)
(205,216.51)
(202.5,220.84)
(205,225.17)
(202.5,229.5)
(205,233.83)
(202.5,238.16)
(205,242.49)
(202.5,246.82)
(205,251.15)
(202.5,255.48)
(205,259.81)
(202.5,264.14)
(205,268.47)
(202.5,272.8)
(205,277.13)
(202.5,281.46)
(205,285.79)
(202.5,290.12)
(205,294.45)
(202.5,298.78)
(205,303.11)
(205,320.43)
(202.5,324.76)
(205,329.09)
(202.5,333.42)
(205,337.75)
(202.5,342.08)
(205,346.41)
(202.5,350.74)
(205,355.07)
(202.5,359.4)
(205,363.73)
(202.5,368.06)
(205,372.39)
(202.5,376.72)
(212.5,30.31)
(210,34.64)
(212.5,38.97)
(210,43.3)
(212.5,47.63)
(210,51.96)
(212.5,56.29)
(210,60.62)
(212.5,64.95)
(210,69.28)
(212.5,73.61)
(210,77.94)
(212.5,82.27)
(210,86.6)
(212.5,90.93)
(210,95.26)
(212.5,99.59)
(210,103.92)
(212.5,108.25)
(210,112.58)
(212.5,116.91)
(210,121.24)
(212.5,125.57)
(210,129.9)
(212.5,134.23)
(210,138.56)
(212.5,142.89)
(210,147.22)
(212.5,151.55)
(210,155.88)
(212.5,160.21)
(210,164.54)
(212.5,168.87)
(210,173.21)
(212.5,177.54)
(210,181.87)
(212.5,186.2)
(210,190.53)
(212.5,194.86)
(210,199.19)
(212.5,203.52)
(210,207.85)
(212.5,212.18)
(210,216.51)
(212.5,220.84)
(210,225.17)
(212.5,229.5)
(210,233.83)
(212.5,238.16)
(210,242.49)
(212.5,246.82)
(210,251.15)
(212.5,255.48)
(210,259.81)
(212.5,264.14)
(210,268.47)
(212.5,272.8)
(210,277.13)
(212.5,281.46)
(210,285.79)
(212.5,290.12)
(210,294.45)
(212.5,298.78)
(210,303.11)
(212.5,307.44)
(210,311.77)
(212.5,316.1)
(210,320.43)
(212.5,324.76)
(210,329.09)
(212.5,333.42)
(210,337.75)
(212.5,342.08)
(210,346.41)
(212.5,350.74)
(210,355.07)
(212.5,359.4)
(210,363.73)
(212.5,368.06)
(210,372.39)
(212.5,376.72)
(217.5,30.31)
(220,34.64)
(217.5,38.97)
(220,43.3)
(217.5,47.63)
(220,51.96)
(217.5,56.29)
(220,60.62)
(217.5,64.95)
(220,69.28)
(217.5,73.61)
(220,77.94)
(217.5,82.27)
(220,86.6)
(217.5,90.93)
(220,95.26)
(217.5,99.59)
(220,103.92)
(217.5,108.25)
(220,112.58)
(217.5,116.91)
(220,121.24)
(217.5,125.57)
(220,129.9)
(217.5,134.23)
(220,138.56)
(217.5,142.89)
(220,147.22)
(217.5,151.55)
(220,155.88)
(217.5,160.21)
(220,164.54)
(217.5,168.87)
(220,173.21)
(217.5,177.54)
(220,181.87)
(217.5,186.2)
(220,190.53)
(217.5,194.86)
(220,199.19)
(217.5,203.52)
(220,207.85)
(217.5,212.18)
(220,216.51)
(217.5,220.84)
(220,225.17)
(217.5,229.5)
(220,233.83)
(217.5,238.16)
(220,242.49)
(217.5,246.82)
(220,251.15)
(217.5,255.48)
(220,259.81)
(217.5,264.14)
(220,268.47)
(217.5,272.8)
(220,277.13)
(217.5,281.46)
(220,285.79)
(217.5,290.12)
(220,294.45)
(217.5,298.78)
(220,303.11)
(217.5,307.44)
(220,311.77)
(217.5,316.1)
(220,320.43)
(217.5,324.76)
(220,329.09)
(217.5,333.42)
(220,337.75)
(217.5,342.08)
(220,346.41)
(217.5,350.74)
(220,355.07)
(217.5,359.4)
(220,363.73)
(217.5,368.06)
(220,372.39)
(217.5,376.72)
(227.5,30.31)
(225,34.64)
(227.5,38.97)
(225,43.3)
(227.5,47.63)
(225,51.96)
(227.5,56.29)
(225,60.62)
(227.5,64.95)
(225,69.28)
(227.5,73.61)
(225,77.94)
(227.5,82.27)
(225,86.6)
(227.5,90.93)
(225,95.26)
(227.5,99.59)
(225,103.92)
(227.5,108.25)
(225,112.58)
(227.5,116.91)
(225,121.24)
(227.5,125.57)
(225,129.9)
(227.5,134.23)
(225,138.56)
(227.5,142.89)
(225,147.22)
(227.5,151.55)
(225,155.88)
(227.5,160.21)
(225,164.54)
(227.5,168.87)
(225,173.21)
(227.5,177.54)
(225,181.87)
(227.5,186.2)
(225,190.53)
(227.5,194.86)
(225,199.19)
(227.5,203.52)
(225,207.85)
(227.5,212.18)
(225,216.51)
(227.5,220.84)
(225,225.17)
(227.5,229.5)
(225,233.83)
(227.5,238.16)
(225,242.49)
(227.5,246.82)
(225,251.15)
(227.5,255.48)
(225,259.81)
(227.5,264.14)
(225,268.47)
(227.5,272.8)
(225,277.13)
(227.5,281.46)
(225,285.79)
(227.5,290.12)
(225,294.45)
(227.5,298.78)
(225,303.11)
(227.5,307.44)
(225,311.77)
(227.5,316.1)
(225,320.43)
(227.5,324.76)
(225,329.09)
(227.5,333.42)
(225,337.75)
(227.5,342.08)
(225,346.41)
(225,355.07)
(227.5,359.4)
(225,363.73)
(227.5,368.06)
(225,372.39)
(232.5,30.31)
(235,34.64)
(232.5,38.97)
(235,43.3)
(232.5,47.63)
(235,51.96)
(232.5,56.29)
(235,60.62)
(232.5,64.95)
(235,69.28)
(232.5,73.61)
(235,77.94)
(232.5,82.27)
(235,86.6)
(232.5,90.93)
(235,95.26)
(232.5,99.59)
(235,103.92)
(232.5,108.25)
(235,112.58)
(232.5,116.91)
(235,121.24)
(232.5,125.57)
(235,129.9)
(232.5,134.23)
(235,138.56)
(232.5,142.89)
(235,147.22)
(232.5,151.55)
(235,155.88)
(232.5,160.21)
(235,164.54)
(232.5,168.87)
(235,173.21)
(232.5,177.54)
(235,181.87)
(232.5,186.2)
(235,190.53)
(232.5,194.86)
(235,199.19)
(232.5,203.52)
(235,207.85)
(232.5,212.18)
(235,216.51)
(232.5,220.84)
(235,225.17)
(232.5,229.5)
(235,233.83)
(232.5,238.16)
(235,242.49)
(232.5,246.82)
(235,251.15)
(232.5,255.48)
(235,259.81)
(232.5,264.14)
(235,268.47)
(232.5,272.8)
(235,277.13)
(232.5,281.46)
(232.5,298.78)
(235,303.11)
(232.5,307.44)
(235,311.77)
(232.5,316.1)
(235,320.43)
(232.5,324.76)
(235,329.09)
(232.5,333.42)
(235,337.75)
(232.5,342.08)
(235,346.41)
(232.5,350.74)
(235,355.07)
(242.5,30.31)
(240,34.64)
(242.5,38.97)
(240,43.3)
(242.5,47.63)
(240,51.96)
(242.5,56.29)
(240,60.62)
(242.5,64.95)
(240,69.28)
(242.5,73.61)
(240,77.94)
(242.5,82.27)
(240,86.6)
(240,103.92)
(242.5,108.25)
(240,112.58)
(242.5,116.91)
(240,121.24)
(242.5,125.57)
(240,129.9)
(242.5,134.23)
(240,138.56)
(242.5,142.89)
(240,147.22)
(242.5,151.55)
(240,155.88)
(242.5,160.21)
(240,164.54)
(242.5,168.87)
(240,173.21)
(242.5,177.54)
(240,181.87)
(242.5,186.2)
(240,190.53)
(242.5,194.86)
(240,199.19)
(242.5,203.52)
(240,207.85)
(242.5,212.18)
(240,216.51)
(242.5,220.84)
(240,225.17)
(242.5,229.5)
(240,233.83)
(242.5,238.16)
(240,242.49)
(242.5,246.82)
(240,251.15)
(242.5,255.48)
(240,259.81)
(242.5,264.14)
(240,268.47)
(242.5,272.8)
(240,277.13)
(242.5,281.46)
(242.5,298.78)
(240,303.11)
(242.5,307.44)
(240,311.77)
(242.5,316.1)
(240,320.43)
(242.5,324.76)
(240,329.09)
(242.5,333.42)
(240,337.75)
(242.5,342.08)
(240,346.41)
(242.5,350.74)
(240,355.07)
(247.5,30.31)
(250,34.64)
(247.5,38.97)
(250,43.3)
(247.5,47.63)
(250,51.96)
(247.5,56.29)
(250,60.62)
(247.5,64.95)
(250,69.28)
(247.5,73.61)
(250,103.92)
(247.5,108.25)
(250,112.58)
(247.5,116.91)
(250,121.24)
(247.5,125.57)
(250,129.9)
(247.5,134.23)
(250,138.56)
(247.5,142.89)
(250,147.22)
(247.5,151.55)
(250,155.88)
(247.5,160.21)
(250,164.54)
(247.5,168.87)
(250,173.21)
(247.5,177.54)
(250,181.87)
(247.5,186.2)
(250,190.53)
(247.5,194.86)
(250,199.19)
(247.5,203.52)
(250,207.85)
(247.5,212.18)
(250,216.51)
(247.5,220.84)
(247.5,238.16)
(250,242.49)
(247.5,246.82)
(250,251.15)
(247.5,255.48)
(250,259.81)
(247.5,264.14)
(250,268.47)
(247.5,272.8)
(250,277.13)
(247.5,281.46)
(250,285.79)
(247.5,290.12)
(250,294.45)
(247.5,298.78)
(250,303.11)
(247.5,307.44)
(250,311.77)
(247.5,316.1)
(250,320.43)
(247.5,324.76)
(250,329.09)
(247.5,333.42)
(250,337.75)
(247.5,342.08)
(250,346.41)
(247.5,350.74)
(257.5,30.31)
(255,34.64)
(257.5,38.97)
(255,43.3)
(257.5,47.63)
(255,51.96)
(257.5,56.29)
(255,60.62)
(257.5,64.95)
(255,69.28)
(257.5,99.59)
(255,103.92)
(257.5,108.25)
(255,112.58)
(257.5,116.91)
(255,121.24)
(257.5,125.57)
(255,129.9)
(257.5,134.23)
(255,138.56)
(257.5,142.89)
(255,147.22)
(257.5,151.55)
(255,155.88)
(257.5,160.21)
(255,164.54)
(257.5,168.87)
(255,173.21)
(257.5,177.54)
(255,181.87)
(257.5,186.2)
(255,190.53)
(257.5,194.86)
(255,199.19)
(257.5,203.52)
(255,207.85)
(257.5,212.18)
(255,216.51)
(255,242.49)
(257.5,246.82)
(255,251.15)
(257.5,255.48)
(255,259.81)
(257.5,264.14)
(255,268.47)
(257.5,272.8)
(255,277.13)
(257.5,281.46)
(255,285.79)
(257.5,290.12)
(255,294.45)
(257.5,298.78)
(255,303.11)
(257.5,307.44)
(255,311.77)
(257.5,316.1)
(255,320.43)
(257.5,324.76)
(255,329.09)
(257.5,333.42)
(255,337.75)
(257.5,342.08)
(262.5,30.31)
(265,34.64)
(262.5,38.97)
(265,43.3)
(262.5,47.63)
(265,51.96)
(262.5,56.29)
(265,60.62)
(262.5,64.95)
(265,95.26)
(262.5,99.59)
(265,103.92)
(262.5,108.25)
(265,112.58)
(262.5,116.91)
(262.5,134.23)
(265,138.56)
(262.5,142.89)
(265,147.22)
(262.5,151.55)
(265,155.88)
(262.5,160.21)
(265,164.54)
(262.5,168.87)
(265,173.21)
(262.5,177.54)
(265,181.87)
(262.5,186.2)
(265,190.53)
(262.5,194.86)
(265,199.19)
(262.5,203.52)
(265,207.85)
(262.5,212.18)
(265,216.51)
(265,242.49)
(262.5,246.82)
(265,251.15)
(262.5,255.48)
(265,259.81)
(262.5,264.14)
(265,268.47)
(262.5,272.8)
(265,277.13)
(262.5,281.46)
(265,285.79)
(262.5,290.12)
(265,294.45)
(262.5,298.78)
(265,303.11)
(262.5,307.44)
(265,311.77)
(262.5,316.1)
(265,320.43)
(262.5,324.76)
(265,329.09)
(262.5,333.42)
(265,337.75)
(262.5,342.08)
(265,346.41)
(270,34.64)
(272.5,38.97)
(270,43.3)
(272.5,47.63)
(270,51.96)
(272.5,56.29)
(270,60.62)
(272.5,64.95)
(270,138.56)
(272.5,142.89)
(270,147.22)
(272.5,151.55)
(270,155.88)
(270,164.54)
(272.5,168.87)
(270,173.21)
(272.5,177.54)
(270,181.87)
(272.5,186.2)
(270,190.53)
(272.5,194.86)
(270,199.19)
(272.5,203.52)
(270,207.85)
(272.5,212.18)
(270,216.51)
(272.5,220.84)
(270,225.17)
(272.5,229.5)
(270,233.83)
(272.5,238.16)
(270,242.49)
(272.5,246.82)
(270,251.15)
(272.5,255.48)
(270,259.81)
(272.5,264.14)
(270,268.47)
(272.5,272.8)
(270,277.13)
(272.5,281.46)
(270,285.79)
(272.5,290.12)
(270,294.45)
(272.5,298.78)
(270,303.11)
(272.5,307.44)
(270,311.77)
(272.5,316.1)
(270,320.43)
(272.5,324.76)
(270,329.09)
(272.5,333.42)
(270,337.75)
(272.5,342.08)
(270,346.41)
(272.5,350.74)
(277.5,38.97)
(280,43.3)
(277.5,47.63)
(280,51.96)
(277.5,56.29)
(280,60.62)
(277.5,64.95)
(280,69.28)
(280,138.56)
(277.5,142.89)
(280,147.22)
(277.5,151.55)
(280,164.54)
(277.5,168.87)
(280,173.21)
(277.5,177.54)
(280,181.87)
(277.5,186.2)
(280,190.53)
(277.5,194.86)
(280,199.19)
(277.5,203.52)
(280,207.85)
(277.5,212.18)
(280,216.51)
(277.5,220.84)
(280,225.17)
(277.5,229.5)
(280,233.83)
(277.5,238.16)
(280,242.49)
(277.5,246.82)
(280,251.15)
(277.5,255.48)
(280,259.81)
(277.5,264.14)
(280,268.47)
(277.5,272.8)
(280,277.13)
(277.5,281.46)
(280,285.79)
(277.5,290.12)
(280,294.45)
(277.5,298.78)
(280,303.11)
(277.5,307.44)
(280,311.77)
(277.5,316.1)
(280,320.43)
(277.5,324.76)
(280,329.09)
(277.5,333.42)
(280,337.75)
(277.5,342.08)
(280,346.41)
(277.5,350.74)
(280,355.07)
(287.5,38.97)
(285,43.3)
(287.5,47.63)
(285,51.96)
(287.5,56.29)
(285,60.62)
(287.5,64.95)
(285,69.28)
(287.5,73.61)
(287.5,116.91)
(285,121.24)
(287.5,125.57)
(285,129.9)
(287.5,134.23)
(285,138.56)
(287.5,160.21)
(285,164.54)
(287.5,168.87)
(285,173.21)
(287.5,177.54)
(285,181.87)
(287.5,186.2)
(285,190.53)
(287.5,194.86)
(285,199.19)
(287.5,203.52)
(285,207.85)
(287.5,212.18)
(285,216.51)
(287.5,220.84)
(285,225.17)
(287.5,229.5)
(285,233.83)
(287.5,238.16)
(285,242.49)
(287.5,246.82)
(285,251.15)
(285,259.81)
(287.5,264.14)
(285,268.47)
(287.5,272.8)
(285,277.13)
(287.5,281.46)
(285,285.79)
(287.5,290.12)
(285,294.45)
(287.5,298.78)
(285,303.11)
(287.5,307.44)
(285,311.77)
(287.5,316.1)
(285,320.43)
(287.5,324.76)
(285,329.09)
(287.5,333.42)
(285,337.75)
(287.5,342.08)
(285,346.41)
(287.5,350.74)
(285,355.07)
(292.5,38.97)
(295,43.3)
(292.5,47.63)
(295,51.96)
(292.5,56.29)
(295,60.62)
(292.5,64.95)
(295,69.28)
(292.5,73.61)
(295,77.94)
(292.5,82.27)
(295,86.6)
(292.5,90.93)
(295,95.26)
(292.5,99.59)
(295,103.92)
(292.5,108.25)
(295,112.58)
(292.5,116.91)
(295,121.24)
(292.5,125.57)
(292.5,160.21)
(295,164.54)
(292.5,168.87)
(295,173.21)
(292.5,177.54)
(295,181.87)
(292.5,186.2)
(295,190.53)
(292.5,194.86)
(295,199.19)
(292.5,203.52)
(295,207.85)
(292.5,212.18)
(295,216.51)
(292.5,220.84)
(292.5,264.14)
(295,268.47)
(292.5,272.8)
(295,285.79)
(292.5,290.12)
(295,294.45)
(292.5,298.78)
(295,303.11)
(292.5,307.44)
(295,311.77)
(292.5,316.1)
(295,320.43)
(292.5,324.76)
(295,329.09)
(292.5,333.42)
(295,337.75)
(292.5,342.08)
(295,346.41)
(292.5,350.74)
(295,355.07)
(300,43.3)
(302.5,47.63)
(300,51.96)
(302.5,56.29)
(300,60.62)
(302.5,64.95)
(300,69.28)
(302.5,73.61)
(300,77.94)
(302.5,82.27)
(300,86.6)
(302.5,90.93)
(300,95.26)
(302.5,99.59)
(300,103.92)
(302.5,160.21)
(300,164.54)
(302.5,168.87)
(300,173.21)
(302.5,177.54)
(300,181.87)
(302.5,186.2)
(300,190.53)
(302.5,194.86)
(300,199.19)
(302.5,203.52)
(300,207.85)
(302.5,281.46)
(300,285.79)
(302.5,290.12)
(300,294.45)
(302.5,298.78)
(300,303.11)
(302.5,307.44)
(300,311.77)
(302.5,316.1)
(300,320.43)
(302.5,324.76)
(300,329.09)
(302.5,333.42)
(300,337.75)
(302.5,342.08)
(300,346.41)
(302.5,350.74)
(300,355.07)
(302.5,359.4)
(307.5,56.29)
(310,60.62)
(307.5,64.95)
(310,69.28)
(307.5,73.61)
(310,77.94)
(307.5,82.27)
(310,86.6)
(307.5,90.93)
(310,155.88)
(307.5,160.21)
(310,164.54)
(307.5,168.87)
(310,173.21)
(307.5,177.54)
(310,181.87)
(307.5,186.2)
(310,190.53)
(307.5,194.86)
(307.5,281.46)
(310,285.79)
(307.5,290.12)
(310,294.45)
(307.5,298.78)
(310,303.11)
(307.5,307.44)
(310,311.77)
(307.5,316.1)
(310,320.43)
(307.5,324.76)
(310,329.09)
(307.5,333.42)
(310,337.75)
(307.5,342.08)
(310,346.41)
(307.5,350.74)
(310,355.07)
(307.5,359.4)
(310,363.73)
(315,155.88)
(317.5,160.21)
(315,164.54)
(317.5,168.87)
(315,173.21)
(317.5,177.54)
(315,181.87)
(317.5,186.2)
(315,190.53)
(315,294.45)
(317.5,298.78)
(315,303.11)
(317.5,307.44)
(315,311.77)
(317.5,316.1)
(315,320.43)
(317.5,324.76)
(315,329.09)
(317.5,333.42)
(315,337.75)
(317.5,342.08)
(315,346.41)
(317.5,350.74)
(315,355.07)
(317.5,359.4)
(315,363.73)
(325,155.88)
(322.5,160.21)
(325,164.54)
(322.5,168.87)
(325,173.21)
(322.5,177.54)
(325,181.87)
(322.5,186.2)
(325,190.53)
(322.5,307.44)
(325,311.77)
(322.5,316.1)
(325,320.43)
(322.5,324.76)
(325,329.09)
(322.5,333.42)
(325,337.75)
(322.5,342.08)
(325,346.41)
(322.5,350.74)
(325,355.07)
(322.5,359.4)
(325,363.73)
(330,155.88)
(332.5,160.21)
(330,164.54)
(332.5,168.87)
(330,173.21)
(332.5,177.54)
(330,181.87)
(332.5,186.2)
(330,190.53)
(330,320.43)
(332.5,324.76)
(330,329.09)
(332.5,333.42)
(330,337.75)
(332.5,342.08)
(330,346.41)
(332.5,350.74)
(330,355.07)
(332.5,359.4)
(330,363.73)
(340,155.88)
(337.5,160.21)
(340,164.54)
(337.5,168.87)
(340,173.21)
(337.5,177.54)
(340,181.87)
(337.5,186.2)
(337.5,342.08)
(340,346.41)
(337.5,350.74)
(345,155.88)
(347.5,160.21)
(345,164.54)
(347.5,168.87)
(345,173.21)
(352.5,160.21)
(355,164.54)
(352.5,168.87)
