(0,0)
(2.5,-4.33)
(7.5,-4.33)
(10,0)
(7.5,4.33)
(2.5,4.33)
(0,8.66)
(10,8.66)
(7.5,12.99)
(2.5,12.99)
(0,17.32)
(10,17.32)
(7.5,21.65)
(2.5,21.65)
(0,25.98)
(10,25.98)
(7.5,30.31)
(2.5,30.31)
(0,34.64)
(10,34.64)
(7.5,38.97)
(2.5,38.97)
(0,43.3)
(10,43.3)
(7.5,47.63)
(2.5,47.63)
(0,51.96)
(10,51.96)
(7.5,56.29)
(2.5,56.29)
(0,60.62)
(10,60.62)
(7.5,64.95)
(2.5,64.95)
(0,69.28)
(10,69.28)
(7.5,73.61)
(2.5,73.61)
(0,77.94)
(10,77.94)
(7.5,82.27)
(2.5,82.27)
(0,86.6)
(10,86.6)
(7.5,90.93)
(2.5,90.93)
(0,95.26)
(10,95.26)
(7.5,99.59)
(2.5,99.59)
(0,103.92)
(10,103.92)
(7.5,108.25)
(2.5,108.25)
(0,112.58)
(10,112.58)
(7.5,116.91)
(2.5,116.91)
(0,121.24)
(10,121.24)
(7.5,125.57)
(2.5,125.57)
(0,129.9)
(10,129.9)
(7.5,134.23)
(2.5,134.23)
(0,138.56)
(10,138.56)
(7.5,142.89)
(2.5,142.89)
(0,147.22)
(10,147.22)
(7.5,151.55)
(2.5,151.55)
(0,155.88)
(10,155.88)
(7.5,160.21)
(2.5,160.21)
(0,164.54)
(10,164.54)
(7.5,168.87)
(2.5,168.87)
(0,173.21)
(10,173.21)
(7.5,177.54)
(2.5,177.54)
(0,181.87)
(10,181.87)
(7.5,186.2)
(2.5,186.2)
(0,190.53)
(10,190.53)
(7.5,194.86)
(2.5,194.86)
(0,199.19)
(10,199.19)
(7.5,203.52)
(2.5,203.52)
(0,207.85)
(10,207.85)
(7.5,212.18)
(2.5,212.18)
(0,216.51)
(10,216.51)
(7.5,220.84)
(2.5,220.84)
(0,225.17)
(10,225.17)
(7.5,229.5)
(2.5,229.5)
(0,233.83)
(10,233.83)
(7.5,238.16)
(2.5,238.16)
(0,242.49)
(10,242.49)
(7.5,246.82)
(2.5,246.82)
(0,251.15)
(10,251.15)
(7.5,255.48)
(2.5,255.48)
(0,259.81)
(10,259.81)
(7.5,264.14)
(2.5,264.14)
(0,268.47)
(10,268.47)
(7.5,272.8)
(2.5,272.8)
(0,277.13)
(10,277.13)
(7.5,281.46)
(2.5,281.46)
(0,285.79)
(10,285.79)
(7.5,290.12)
(2.5,290.12)
(0,294.45)
(10,294.45)
(7.5,298.78)
(2.5,298.78)
(0,303.11)
(10,303.11)
(7.5,307.44)
(2.5,307.44)
(0,311.77)
(10,311.77)
(7.5,316.1)
(2.5,316.1)
(0,320.43)
(10,320.43)
(7.5,324.76)
(2.5,324.76)
(0,329.09)
(10,329.09)
(7.5,333.42)
(2.5,333.42)
(0,337.75)
(10,337.75)
(7.5,342.08)
(2.5,342.08)
(0,346.41)
(10,346.41)
(7.5,350.74)
(2.5,350.74)
(0,355.07)
(10,355.07)
(7.5,359.4)
(2.5,359.4)
(0,363.73)
(10,363.73)
(7.5,368.06)
(2.5,368.06)
(0,372.39)
(10,372.39)
(7.5,376.72)
(2.5,376.72)
(0,381.05)
(10,381.05)
(7.5,385.38)
(2.5,385.38)
(0,389.71)
(10,389.71)
(7.5,394.04)
(2.5,394.04)
(0,398.37)
(10,398.37)
(7.5,402.7)
(2.5,402.7)
(0,407.03)
(10,407.03)
(7.5,411.36)
(2.5,411.36)
(0,415.69)
(10,415.69)
(7.5,420.02)
(2.5,420.02)
(0,424.35)
(10,424.35)
(7.5,428.68)
(2.5,428.68)
(15,0)
(17.5,4.33)
(15,8.66)
(17.5,12.99)
(15,17.32)
(17.5,21.65)
(15,25.98)
(17.5,30.31)
(15,34.64)
(17.5,38.97)
(15,43.3)
(17.5,47.63)
(15,51.96)
(17.5,56.29)
(15,60.62)
(17.5,64.95)
(15,69.28)
(17.5,73.61)
(15,77.94)
(17.5,82.27)
(15,86.6)
(17.5,90.93)
(15,95.26)
(17.5,99.59)
(15,103.92)
(17.5,108.25)
(15,112.58)
(17.5,116.91)
(15,121.24)
(17.5,125.57)
(15,129.9)
(17.5,134.23)
(15,138.56)
(17.5,142.89)
(15,147.22)
(17.5,151.55)
(15,155.88)
(17.5,160.21)
(15,164.54)
(17.5,168.87)
(15,173.21)
(17.5,177.54)
(15,181.87)
(17.5,186.2)
(15,190.53)
(17.5,194.86)
(15,199.19)
(17.5,203.52)
(15,207.85)
(17.5,212.18)
(15,216.51)
(17.5,220.84)
(15,225.17)
(17.5,229.5)
(15,233.83)
(17.5,238.16)
(15,242.49)
(17.5,246.82)
(15,251.15)
(17.5,255.48)
(15,259.81)
(17.5,264.14)
(15,268.47)
(17.5,272.8)
(15,277.13)
(17.5,281.46)
(15,285.79)
(17.5,290.12)
(15,294.45)
(17.5,298.78)
(15,303.11)
(17.5,307.44)
(15,311.77)
(17.5,316.1)
(15,320.43)
(17.5,324.76)
(15,329.09)
(17.5,333.42)
(15,337.75)
(17.5,342.08)
(15,346.41)
(17.5,350.74)
(15,355.07)
(17.5,359.4)
(15,363.73)
(17.5,368.06)
(15,372.39)
(17.5,376.72)
(15,381.05)
(17.5,385.38)
(15,389.71)
(17.5,394.04)
(15,398.37)
(17.5,402.7)
(15,407.03)
(17.5,411.36)
(15,415.69)
(17.5,420.02)
(15,424.35)
(17.5,428.68)
(15,433.01)
(10,433.01)
(17.5,-4.33)
(22.5,-4.33)
(25,0)
(22.5,4.33)
(25,8.66)
(22.5,12.99)
(25,17.32)
(22.5,21.65)
(25,25.98)
(22.5,30.31)
(25,34.64)
(22.5,38.97)
(25,43.3)
(22.5,47.63)
(25,51.96)
(22.5,56.29)
(25,60.62)
(22.5,64.95)
(25,69.28)
(22.5,73.61)
(25,77.94)
(22.5,82.27)
(25,86.6)
(22.5,90.93)
(25,95.26)
(22.5,99.59)
(25,103.92)
(22.5,108.25)
(25,112.58)
(22.5,116.91)
(25,121.24)
(22.5,125.57)
(25,129.9)
(22.5,134.23)
(25,138.56)
(22.5,142.89)
(25,147.22)
(22.5,151.55)
(25,155.88)
(22.5,160.21)
(25,164.54)
(22.5,168.87)
(25,173.21)
(22.5,177.54)
(25,181.87)
(22.5,186.2)
(25,190.53)
(22.5,194.86)
(25,199.19)
(22.5,203.52)
(25,207.85)
(22.5,212.18)
(25,216.51)
(22.5,220.84)
(22.5,255.48)
(25,259.81)
(22.5,264.14)
(25,268.47)
(22.5,272.8)
(25,277.13)
(22.5,281.46)
(25,285.79)
(22.5,290.12)
(25,294.45)
(22.5,298.78)
(25,303.11)
(22.5,307.44)
(25,311.77)
(22.5,316.1)
(25,320.43)
(22.5,324.76)
(25,329.09)
(22.5,333.42)
(25,337.75)
(22.5,342.08)
(25,346.41)
(22.5,350.74)
(25,355.07)
(22.5,359.4)
(25,363.73)
(22.5,368.06)
(25,372.39)
(22.5,376.72)
(25,381.05)
(22.5,385.38)
(25,389.71)
(22.5,394.04)
(25,398.37)
(22.5,402.7)
(25,407.03)
(22.5,411.36)
(25,415.69)
(22.5,420.02)
(25,424.35)
(22.5,428.68)
(30,0)
(32.5,4.33)
(30,8.66)
(32.5,12.99)
(30,17.32)
(32.5,21.65)
(30,25.98)
(32.5,30.31)
(30,34.64)
(32.5,38.97)
(30,43.3)
(32.5,47.63)
(30,51.96)
(32.5,56.29)
(30,60.62)
(32.5,64.95)
(30,69.28)
(32.5,73.61)
(30,77.94)
(32.5,82.27)
(30,86.6)
(32.5,90.93)
(30,95.26)
(32.5,99.59)
(30,103.92)
(32.5,108.25)
(30,112.58)
(32.5,116.91)
(30,121.24)
(32.5,125.57)
(30,129.9)
(32.5,134.23)
(30,138.56)
(32.5,142.89)
(30,147.22)
(32.5,151.55)
(30,155.88)
(32.5,160.21)
(30,164.54)
(32.5,168.87)
(30,173.21)
(32.5,177.54)
(30,181.87)
(32.5,186.2)
(30,190.53)
(32.5,194.86)
(30,199.19)
(32.5,203.52)
(30,207.85)
(32.5,212.18)
(30,216.51)
(30,259.81)
(32.5,264.14)
(30,268.47)
(32.5,272.8)
(30,277.13)
(32.5,281.46)
(30,285.79)
(32.5,290.12)
(30,294.45)
(32.5,298.78)
(30,303.11)
(32.5,307.44)
(30,311.77)
(32.5,316.1)
(30,320.43)
(32.5,324.76)
(30,329.09)
(32.5,333.42)
(30,337.75)
(32.5,342.08)
(30,346.41)
(32.5,350.74)
(30,355.07)
(32.5,359.4)
(30,363.73)
(32.5,368.06)
(30,372.39)
(32.5,376.72)
(30,381.05)
(32.5,385.38)
(30,389.71)
(32.5,394.04)
(30,398.37)
(32.5,402.7)
(30,407.03)
(32.5,411.36)
(30,415.69)
(32.5,420.02)
(30,424.35)
(32.5,428.68)
(30,433.01)
(25,433.01)
(32.5,-4.33)
(37.5,-4.33)
(40,0)
(37.5,4.33)
(40,8.66)
(37.5,12.99)
(40,17.32)
(37.5,21.65)
(40,25.98)
(37.5,30.31)
(40,34.64)
(37.5,38.97)
(40,43.3)
(37.5,47.63)
(40,51.96)
(37.5,56.29)
(40,60.62)
(37.5,64.95)
(40,69.28)
(37.5,73.61)
(40,77.94)
(37.5,82.27)
(40,86.6)
(37.5,90.93)
(40,95.26)
(37.5,99.59)
(40,103.92)
(37.5,108.25)
(40,112.58)
(37.5,116.91)
(40,121.24)
(37.5,125.57)
(40,129.9)
(37.5,134.23)
(40,138.56)
(37.5,142.89)
(40,147.22)
(37.5,151.55)
(40,155.88)
(37.5,160.21)
(40,164.54)
(37.5,168.87)
(40,173.21)
(37.5,177.54)
(40,181.87)
(37.5,186.2)
(40,190.53)
(37.5,194.86)
(40,199.19)
(37.5,203.52)
(40,207.85)
(37.5,212.18)
(37.5,272.8)
(40,277.13)
(37.5,281.46)
(40,285.79)
(37.5,290.12)
(40,294.45)
(37.5,298.78)
(40,303.11)
(37.5,307.44)
(40,311.77)
(37.5,316.1)
(40,320.43)
(37.5,324.76)
(40,329.09)
(37.5,333.42)
(40,337.75)
(37.5,342.08)
(40,346.41)
(37.5,350.74)
(40,355.07)
(37.5,359.4)
(40,363.73)
(37.5,368.06)
(40,372.39)
(37.5,376.72)
(40,381.05)
(37.5,385.38)
(40,389.71)
(37.5,394.04)
(40,398.37)
(37.5,402.7)
(40,407.03)
(37.5,411.36)
(40,415.69)
(37.5,420.02)
(40,424.35)
(37.5,428.68)
(45,-0)
(47.5,4.33)
(45,8.66)
(47.5,12.99)
(45,17.32)
(47.5,21.65)
(45,25.98)
(47.5,30.31)
(45,34.64)
(47.5,38.97)
(45,43.3)
(47.5,47.63)
(45,51.96)
(47.5,56.29)
(45,60.62)
(47.5,64.95)
(45,69.28)
(47.5,73.61)
(45,77.94)
(47.5,82.27)
(45,86.6)
(47.5,90.93)
(45,95.26)
(47.5,99.59)
(45,103.92)
(47.5,108.25)
(45,112.58)
(47.5,116.91)
(45,121.24)
(47.5,125.57)
(45,129.9)
(47.5,134.23)
(45,138.56)
(47.5,142.89)
(45,147.22)
(47.5,151.55)
(45,155.88)
(47.5,160.21)
(45,164.54)
(47.5,168.87)
(45,173.21)
(47.5,177.54)
(45,181.87)
(47.5,186.2)
(45,190.53)
(47.5,194.86)
(45,199.19)
(47.5,203.52)
(45,207.85)
(45,277.13)
(47.5,281.46)
(45,285.79)
(47.5,290.12)
(45,294.45)
(47.5,298.78)
(45,303.11)
(47.5,307.44)
(45,311.77)
(47.5,316.1)
(45,320.43)
(47.5,324.76)
(45,329.09)
(47.5,333.42)
(45,337.75)
(47.5,342.08)
(45,346.41)
(47.5,350.74)
(45,355.07)
(47.5,359.4)
(45,363.73)
(47.5,368.06)
(45,372.39)
(47.5,376.72)
(45,381.05)
(47.5,385.38)
(45,389.71)
(47.5,394.04)
(45,398.37)
(47.5,402.7)
(45,407.03)
(47.5,411.36)
(45,415.69)
(47.5,420.02)
(45,424.35)
(47.5,428.68)
(45,433.01)
(40,433.01)
(47.5,-4.33)
(52.5,-4.33)
(55,0)
(52.5,4.33)
(55,8.66)
(52.5,12.99)
(55,17.32)
(52.5,21.65)
(55,25.98)
(52.5,30.31)
(55,34.64)
(52.5,38.97)
(55,43.3)
(52.5,47.63)
(55,51.96)
(52.5,56.29)
(52.5,90.93)
(55,95.26)
(52.5,99.59)
(55,103.92)
(52.5,108.25)
(55,112.58)
(52.5,116.91)
(55,121.24)
(52.5,125.57)
(55,129.9)
(52.5,134.23)
(55,138.56)
(52.5,142.89)
(55,147.22)
(52.5,151.55)
(55,155.88)
(52.5,160.21)
(55,164.54)
(52.5,168.87)
(55,173.21)
(52.5,177.54)
(55,181.87)
(52.5,186.2)
(55,190.53)
(52.5,194.86)
(55,199.19)
(52.5,203.52)
(55,207.85)
(52.5,359.4)
(55,363.73)
(52.5,368.06)
(55,372.39)
(52.5,376.72)
(55,381.05)
(52.5,385.38)
(55,389.71)
(52.5,394.04)
(55,398.37)
(52.5,402.7)
(55,407.03)
(52.5,411.36)
(55,415.69)
(52.5,420.02)
(55,424.35)
(52.5,428.68)
(60,0)
(62.5,4.33)
(60,8.66)
(62.5,12.99)
(60,17.32)
(62.5,21.65)
(60,25.98)
(62.5,30.31)
(60,34.64)
(62.5,38.97)
(60,43.3)
(62.5,47.63)
(60,51.96)
(62.5,56.29)
(60,103.92)
(62.5,108.25)
(60,112.58)
(62.5,116.91)
(60,121.24)
(62.5,125.57)
(60,129.9)
(62.5,134.23)
(60,138.56)
(62.5,142.89)
(60,147.22)
(62.5,151.55)
(60,155.88)
(62.5,160.21)
(60,164.54)
(62.5,168.87)
(60,173.21)
(62.5,177.54)
(60,181.87)
(62.5,186.2)
(60,190.53)
(62.5,194.86)
(60,199.19)
(62.5,203.52)
(60,207.85)
(62.5,212.18)
(62.5,359.4)
(60,363.73)
(62.5,368.06)
(60,372.39)
(62.5,376.72)
(60,381.05)
(62.5,385.38)
(60,389.71)
(62.5,394.04)
(60,398.37)
(62.5,402.7)
(60,407.03)
(62.5,411.36)
(60,415.69)
(62.5,420.02)
(60,424.35)
(62.5,428.68)
(60,433.01)
(55,433.01)
(62.5,-4.33)
(67.5,-4.33)
(70,0)
(67.5,4.33)
(70,8.66)
(67.5,12.99)
(70,17.32)
(67.5,21.65)
(70,25.98)
(67.5,30.31)
(70,34.64)
(67.5,38.97)
(70,43.3)
(67.5,47.63)
(70,51.96)
(67.5,56.29)
(70,60.62)
(67.5,116.91)
(70,121.24)
(67.5,125.57)
(70,129.9)
(67.5,134.23)
(70,138.56)
(67.5,142.89)
(70,147.22)
(67.5,151.55)
(70,155.88)
(67.5,160.21)
(70,164.54)
(67.5,168.87)
(70,173.21)
(67.5,177.54)
(70,181.87)
(67.5,186.2)
(70,355.07)
(67.5,359.4)
(70,363.73)
(67.5,368.06)
(70,372.39)
(67.5,376.72)
(70,381.05)
(67.5,385.38)
(70,389.71)
(67.5,394.04)
(70,398.37)
(67.5,402.7)
(70,407.03)
(67.5,411.36)
(70,415.69)
(67.5,420.02)
(70,424.35)
(67.5,428.68)
(75,-0)
(77.5,4.33)
(75,8.66)
(77.5,12.99)
(75,17.32)
(77.5,21.65)
(75,25.98)
(77.5,30.31)
(75,34.64)
(77.5,38.97)
(75,43.3)
(77.5,47.63)
(75,51.96)
(77.5,56.29)
(75,60.62)
(77.5,64.95)
(75,121.24)
(77.5,125.57)
(75,129.9)
(77.5,134.23)
(75,138.56)
(77.5,142.89)
(75,147.22)
(77.5,151.55)
(75,155.88)
(77.5,160.21)
(75,164.54)
(77.5,168.87)
(75,173.21)
(77.5,177.54)
(75,181.87)
(77.5,186.2)
(77.5,342.08)
(75,346.41)
(77.5,350.74)
(75,355.07)
(77.5,359.4)
(75,363.73)
(77.5,368.06)
(75,372.39)
(77.5,376.72)
(75,381.05)
(77.5,385.38)
(75,389.71)
(77.5,394.04)
(75,398.37)
(77.5,402.7)
(75,407.03)
(77.5,411.36)
(75,415.69)
(77.5,420.02)
(75,424.35)
(77.5,428.68)
(75,433.01)
(70,433.01)
(77.5,-4.33)
(82.5,-4.33)
(85,0)
(82.5,4.33)
(85,8.66)
(82.5,12.99)
(85,17.32)
(82.5,21.65)
(85,25.98)
(82.5,30.31)
(85,34.64)
(82.5,38.97)
(85,43.3)
(82.5,47.63)
(85,51.96)
(82.5,56.29)
(85,60.62)
(82.5,64.95)
(85,69.28)
(82.5,134.23)
(85,138.56)
(82.5,142.89)
(85,147.22)
(82.5,151.55)
(85,155.88)
(82.5,160.21)
(85,164.54)
(82.5,168.87)
(85,173.21)
(82.5,177.54)
(85,181.87)
(82.5,186.2)
(85,294.45)
(82.5,298.78)
(85,303.11)
(85,337.75)
(82.5,342.08)
(85,346.41)
(82.5,350.74)
(85,355.07)
(82.5,359.4)
(85,363.73)
(82.5,368.06)
(85,372.39)
(82.5,376.72)
(85,381.05)
(82.5,385.38)
(85,389.71)
(82.5,394.04)
(85,398.37)
(82.5,402.7)
(85,407.03)
(82.5,411.36)
(85,415.69)
(82.5,420.02)
(85,424.35)
(82.5,428.68)
(90,0)
(92.5,4.33)
(90,8.66)
(92.5,12.99)
(90,17.32)
(92.5,21.65)
(90,25.98)
(92.5,30.31)
(90,34.64)
(92.5,38.97)
(90,43.3)
(92.5,47.63)
(90,51.96)
(92.5,56.29)
(90,60.62)
(92.5,64.95)
(90,69.28)
(92.5,73.61)
(90,147.22)
(92.5,151.55)
(90,155.88)
(92.5,160.21)
(90,164.54)
(92.5,168.87)
(90,173.21)
(92.5,177.54)
(90,181.87)
(90,303.11)
(92.5,307.44)
(92.5,324.76)
(90,329.09)
(92.5,333.42)
(90,337.75)
(92.5,342.08)
(90,346.41)
(92.5,350.74)
(90,355.07)
(92.5,359.4)
(90,363.73)
(92.5,368.06)
(90,372.39)
(92.5,376.72)
(90,381.05)
(92.5,385.38)
(90,389.71)
(92.5,394.04)
(90,398.37)
(92.5,402.7)
(90,407.03)
(92.5,411.36)
(90,415.69)
(92.5,420.02)
(90,424.35)
(92.5,428.68)
(90,433.01)
(85,433.01)
(92.5,-4.33)
(97.5,-4.33)
(100,0)
(97.5,4.33)
(100,8.66)
(97.5,12.99)
(100,17.32)
(97.5,21.65)
(100,25.98)
(97.5,30.31)
(100,34.64)
(97.5,38.97)
(100,43.3)
(97.5,47.63)
(100,51.96)
(97.5,56.29)
(100,60.62)
(97.5,64.95)
(100,69.28)
(97.5,73.61)
(100,77.94)
(97.5,82.27)
(100,86.6)
(97.5,151.55)
(100,155.88)
(97.5,160.21)
(97.5,177.54)
(100,181.87)
(97.5,307.44)
(100,311.77)
(97.5,316.1)
(100,320.43)
(97.5,324.76)
(100,329.09)
(97.5,333.42)
(100,337.75)
(97.5,342.08)
(100,346.41)
(97.5,350.74)
(100,355.07)
(97.5,359.4)
(100,363.73)
(97.5,368.06)
(100,372.39)
(97.5,376.72)
(100,381.05)
(97.5,385.38)
(100,389.71)
(97.5,394.04)
(100,398.37)
(97.5,402.7)
(100,407.03)
(97.5,411.36)
(100,415.69)
(97.5,420.02)
(100,424.35)
(97.5,428.68)
(105,-0)
(107.5,4.33)
(105,8.66)
(107.5,12.99)
(105,17.32)
(107.5,21.65)
(105,25.98)
(107.5,30.31)
(105,34.64)
(107.5,38.97)
(105,43.3)
(107.5,47.63)
(105,51.96)
(107.5,56.29)
(105,60.62)
(107.5,64.95)
(105,69.28)
(107.5,73.61)
(105,77.94)
(107.5,82.27)
(105,86.6)
(107.5,90.93)
(105,181.87)
(107.5,307.44)
(105,311.77)
(107.5,316.1)
(105,320.43)
(107.5,324.76)
(105,329.09)
(107.5,333.42)
(105,337.75)
(107.5,342.08)
(105,346.41)
(105,372.39)
(107.5,376.72)
(105,381.05)
(107.5,385.38)
(105,389.71)
(107.5,394.04)
(105,398.37)
(107.5,402.7)
(105,407.03)
(107.5,411.36)
(105,415.69)
(107.5,420.02)
(105,424.35)
(107.5,428.68)
(105,433.01)
(100,433.01)
(107.5,-4.33)
(112.5,-4.33)
(115,0)
(112.5,4.33)
(115,8.66)
(112.5,12.99)
(115,17.32)
(112.5,21.65)
(115,25.98)
(112.5,30.31)
(115,34.64)
(112.5,38.97)
(115,43.3)
(112.5,47.63)
(115,51.96)
(112.5,56.29)
(115,60.62)
(112.5,64.95)
(115,69.28)
(112.5,73.61)
(115,77.94)
(112.5,82.27)
(115,86.6)
(112.5,90.93)
(115,95.26)
(115,303.11)
(112.5,307.44)
(115,311.77)
(112.5,316.1)
(115,320.43)
(112.5,324.76)
(115,329.09)
(112.5,333.42)
(115,372.39)
(112.5,376.72)
(115,381.05)
(112.5,385.38)
(115,389.71)
(112.5,394.04)
(115,398.37)
(112.5,402.7)
(115,407.03)
(112.5,411.36)
(115,415.69)
(112.5,420.02)
(115,424.35)
(112.5,428.68)
(120,-0)
(122.5,4.33)
(120,8.66)
(122.5,12.99)
(120,17.32)
(122.5,21.65)
(120,25.98)
(122.5,30.31)
(120,34.64)
(122.5,38.97)
(120,43.3)
(122.5,47.63)
(120,51.96)
(122.5,56.29)
(120,60.62)
(122.5,64.95)
(120,69.28)
(122.5,73.61)
(120,77.94)
(122.5,82.27)
(120,86.6)
(122.5,90.93)
(120,95.26)
(122.5,99.59)
(120,103.92)
(122.5,108.25)
(122.5,290.12)
(120,294.45)
(122.5,298.78)
(120,303.11)
(122.5,307.44)
(120,311.77)
(122.5,316.1)
(120,320.43)
(122.5,359.4)
(120,363.73)
(122.5,368.06)
(120,372.39)
(122.5,376.72)
(120,381.05)
(122.5,385.38)
(120,389.71)
(122.5,394.04)
(120,398.37)
(122.5,402.7)
(120,407.03)
(122.5,411.36)
(120,415.69)
(122.5,420.02)
(120,424.35)
(122.5,428.68)
(120,433.01)
(115,433.01)
(122.5,-4.33)
(127.5,-4.33)
(130,0)
(127.5,4.33)
(130,8.66)
(127.5,12.99)
(130,17.32)
(127.5,21.65)
(130,25.98)
(127.5,30.31)
(130,34.64)
(127.5,38.97)
(130,43.3)
(127.5,47.63)
(130,51.96)
(127.5,56.29)
(130,60.62)
(127.5,64.95)
(130,69.28)
(127.5,73.61)
(130,77.94)
(127.5,82.27)
(130,86.6)
(127.5,90.93)
(130,95.26)
(127.5,99.59)
(130,103.92)
(127.5,108.25)
(130,112.58)
(130,285.79)
(127.5,290.12)
(130,294.45)
(127.5,298.78)
(130,303.11)
(127.5,307.44)
(130,355.07)
(127.5,359.4)
(130,363.73)
(127.5,368.06)
(130,372.39)
(127.5,376.72)
(130,381.05)
(127.5,385.38)
(130,389.71)
(127.5,394.04)
(130,398.37)
(127.5,402.7)
(130,407.03)
(127.5,411.36)
(130,415.69)
(127.5,420.02)
(130,424.35)
(127.5,428.68)
(135,0)
(137.5,4.33)
(135,8.66)
(137.5,12.99)
(135,17.32)
(137.5,21.65)
(135,25.98)
(137.5,30.31)
(135,34.64)
(137.5,38.97)
(135,43.3)
(137.5,47.63)
(135,51.96)
(137.5,56.29)
(135,60.62)
(137.5,64.95)
(135,69.28)
(137.5,73.61)
(135,77.94)
(137.5,82.27)
(135,86.6)
(137.5,90.93)
(135,95.26)
(137.5,99.59)
(135,103.92)
(137.5,108.25)
(135,112.58)
(137.5,281.46)
(135,285.79)
(137.5,290.12)
(135,294.45)
(135,355.07)
(137.5,359.4)
(135,363.73)
(137.5,368.06)
(135,372.39)
(137.5,376.72)
(135,381.05)
(137.5,385.38)
(135,389.71)
(137.5,394.04)
(135,398.37)
(137.5,402.7)
(135,407.03)
(137.5,411.36)
(135,415.69)
(137.5,420.02)
(135,424.35)
(137.5,428.68)
(135,433.01)
(130,433.01)
(137.5,-4.33)
(142.5,-4.33)
(145,0)
(142.5,4.33)
(145,8.66)
(142.5,12.99)
(145,17.32)
(142.5,21.65)
(145,25.98)
(142.5,30.31)
(145,34.64)
(142.5,38.97)
(145,43.3)
(142.5,47.63)
(145,51.96)
(142.5,56.29)
(145,60.62)
(142.5,64.95)
(145,69.28)
(142.5,73.61)
(145,77.94)
(142.5,82.27)
(145,86.6)
(142.5,90.93)
(145,95.26)
(142.5,99.59)
(145,138.56)
(142.5,142.89)
(145,147.22)
(145,268.47)
(142.5,272.8)
(145,277.13)
(142.5,281.46)
(145,285.79)
(142.5,290.12)
(142.5,411.36)
(145,415.69)
(142.5,420.02)
(145,424.35)
(142.5,428.68)
(150,0)
(152.5,4.33)
(150,8.66)
(152.5,12.99)
(150,17.32)
(152.5,21.65)
(150,25.98)
(152.5,30.31)
(150,34.64)
(152.5,38.97)
(150,43.3)
(152.5,134.23)
(150,138.56)
(152.5,142.89)
(150,147.22)
(152.5,151.55)
(152.5,264.14)
(150,268.47)
(152.5,272.8)
(150,277.13)
(152.5,411.36)
(150,415.69)
(152.5,420.02)
(150,424.35)
(152.5,428.68)
(150,433.01)
(145,433.01)
(152.5,-4.33)
(157.5,-4.33)
(160,0)
(157.5,4.33)
(160,8.66)
(157.5,12.99)
(160,17.32)
(157.5,21.65)
(160,25.98)
(157.5,30.31)
(160,103.92)
(157.5,108.25)
(160,112.58)
(157.5,116.91)
(160,121.24)
(157.5,125.57)
(160,129.9)
(157.5,134.23)
(160,138.56)
(157.5,142.89)
(160,147.22)
(157.5,151.55)
(160,259.81)
(157.5,264.14)
(160,398.37)
(157.5,402.7)
(160,407.03)
(157.5,411.36)
(160,415.69)
(157.5,420.02)
(160,424.35)
(157.5,428.68)
(165,0)
(167.5,4.33)
(165,8.66)
(167.5,12.99)
(165,17.32)
(167.5,21.65)
(165,25.98)
(167.5,82.27)
(165,86.6)
(167.5,90.93)
(165,95.26)
(167.5,99.59)
(165,103.92)
(167.5,108.25)
(165,112.58)
(167.5,116.91)
(165,121.24)
(167.5,125.57)
(165,129.9)
(167.5,385.38)
(165,389.71)
(167.5,394.04)
(165,398.37)
(167.5,402.7)
(165,407.03)
(167.5,411.36)
(165,415.69)
(167.5,420.02)
(165,424.35)
(167.5,428.68)
(165,433.01)
(160,433.01)
(167.5,-4.33)
(172.5,-4.33)
(175,0)
(172.5,4.33)
(175,8.66)
(172.5,12.99)
(175,17.32)
(172.5,21.65)
(175,77.94)
(172.5,82.27)
(175,86.6)
(172.5,90.93)
(175,95.26)
(172.5,99.59)
(175,103.92)
(172.5,108.25)
(175,112.58)
(172.5,116.91)
(175,337.75)
(172.5,342.08)
(175,346.41)
(175,363.73)
(172.5,368.06)
(175,372.39)
(172.5,376.72)
(175,381.05)
(172.5,385.38)
(175,389.71)
(172.5,394.04)
(175,398.37)
(172.5,402.7)
(175,407.03)
(172.5,411.36)
(175,415.69)
(172.5,420.02)
(175,424.35)
(172.5,428.68)
(180,-0)
(182.5,4.33)
(180,8.66)
(182.5,12.99)
(180,17.32)
(182.5,21.65)
(180,77.94)
(182.5,82.27)
(180,86.6)
(182.5,90.93)
(180,95.26)
(182.5,99.59)
(180,337.75)
(182.5,342.08)
(180,346.41)
(182.5,350.74)
(180,363.73)
(182.5,368.06)
(180,372.39)
(182.5,376.72)
(180,381.05)
(182.5,385.38)
(180,389.71)
(182.5,394.04)
(180,398.37)
(182.5,402.7)
(180,407.03)
(182.5,411.36)
(180,415.69)
(182.5,420.02)
(180,424.35)
(182.5,428.68)
(180,433.01)
(175,433.01)
(182.5,-4.33)
(187.5,-4.33)
(190,0)
(187.5,4.33)
(190,8.66)
(187.5,12.99)
(190,17.32)
(187.5,21.65)
(187.5,82.27)
(190,86.6)
(187.5,90.93)
(190,95.26)
(187.5,99.59)
(190,121.24)
(187.5,125.57)
(190,129.9)
(187.5,342.08)
(190,346.41)
(187.5,350.74)
(187.5,376.72)
(190,381.05)
(187.5,385.38)
(190,389.71)
(187.5,394.04)
(190,398.37)
(187.5,402.7)
(190,407.03)
(187.5,411.36)
(190,415.69)
(187.5,420.02)
(190,424.35)
(187.5,428.68)
(195,0)
(197.5,4.33)
(195,8.66)
(197.5,12.99)
(195,17.32)
(197.5,21.65)
(195,86.6)
(197.5,90.93)
(195,95.26)
(195,121.24)
(197.5,125.57)
(195,129.9)
(197.5,307.44)
(195,311.77)
(197.5,316.1)
(195,381.05)
(197.5,385.38)
(195,389.71)
(197.5,394.04)
(195,398.37)
(197.5,402.7)
(195,407.03)
(197.5,411.36)
(195,415.69)
(197.5,420.02)
(195,424.35)
(197.5,428.68)
(195,433.01)
(190,433.01)
(197.5,-4.33)
(202.5,-4.33)
(205,0)
(202.5,4.33)
(205,8.66)
(202.5,12.99)
(205,17.32)
(202.5,21.65)
(205,25.98)
(202.5,307.44)
(205,311.77)
(202.5,316.1)
(205,381.05)
(202.5,385.38)
(205,389.71)
(202.5,394.04)
(205,398.37)
(202.5,402.7)
(205,407.03)
(202.5,411.36)
(205,415.69)
(202.5,420.02)
(205,424.35)
(202.5,428.68)
(210,0)
(212.5,4.33)
(210,8.66)
(212.5,12.99)
(210,17.32)
(212.5,21.65)
(210,25.98)
(210,381.05)
(212.5,385.38)
(210,389.71)
(212.5,394.04)
(210,398.37)
(212.5,402.7)
(210,407.03)
(212.5,411.36)
(210,415.69)
(212.5,420.02)
(210,424.35)
(212.5,428.68)
(210,433.01)
(205,433.01)
(212.5,-4.33)
(217.5,-4.33)
(220,0)
(217.5,4.33)
(220,8.66)
(217.5,12.99)
(220,17.32)
(217.5,21.65)
(220,25.98)
(220,381.05)
(217.5,385.38)
(220,389.71)
(217.5,394.04)
(220,398.37)
(217.5,402.7)
(220,407.03)
(217.5,411.36)
(220,415.69)
(217.5,420.02)
(220,424.35)
(217.5,428.68)
(225,-0)
(227.5,4.33)
(225,8.66)
(227.5,12.99)
(225,17.32)
(227.5,21.65)
(225,25.98)
(227.5,350.74)
(227.5,376.72)
(225,381.05)
(227.5,385.38)
(225,389.71)
(227.5,394.04)
(225,398.37)
(227.5,402.7)
(225,407.03)
(227.5,411.36)
(225,415.69)
(227.5,420.02)
(225,424.35)
(227.5,428.68)
(225,433.01)
(220,433.01)
(227.5,-4.33)
(232.5,-4.33)
(235,0)
(232.5,4.33)
(235,8.66)
(232.5,12.99)
(235,17.32)
(232.5,21.65)
(235,25.98)
(235,285.79)
(232.5,290.12)
(235,294.45)
(232.5,359.4)
(235,363.73)
(232.5,368.06)
(235,372.39)
(232.5,376.72)
(235,381.05)
(232.5,385.38)
(235,389.71)
(232.5,394.04)
(235,398.37)
(232.5,402.7)
(235,407.03)
(232.5,411.36)
(235,415.69)
(232.5,420.02)
(235,424.35)
(232.5,428.68)
(240,0)
(242.5,4.33)
(240,8.66)
(242.5,12.99)
(240,17.32)
(242.5,21.65)
(240,25.98)
(242.5,90.93)
(240,95.26)
(242.5,99.59)
(240,285.79)
(242.5,290.12)
(240,294.45)
(242.5,359.4)
(240,363.73)
(242.5,368.06)
(240,372.39)
(242.5,376.72)
(240,381.05)
(242.5,385.38)
(240,389.71)
(242.5,394.04)
(240,398.37)
(242.5,402.7)
(240,407.03)
(242.5,411.36)
(240,415.69)
(242.5,420.02)
(240,424.35)
(242.5,428.68)
(240,433.01)
(235,433.01)
(242.5,-4.33)
(247.5,-4.33)
(250,0)
(247.5,4.33)
(250,8.66)
(247.5,12.99)
(250,17.32)
(247.5,21.65)
(250,25.98)
(250,77.94)
(247.5,82.27)
(250,86.6)
(247.5,90.93)
(250,95.26)
(247.5,99.59)
(250,225.17)
(247.5,229.5)
(250,233.83)
(250,355.07)
(247.5,359.4)
(250,363.73)
(247.5,368.06)
(250,372.39)
(247.5,376.72)
(250,381.05)
(247.5,385.38)
(250,389.71)
(247.5,394.04)
(250,398.37)
(247.5,402.7)
(250,407.03)
(247.5,411.36)
(250,415.69)
(247.5,420.02)
(250,424.35)
(247.5,428.68)
(255,-0)
(257.5,4.33)
(255,8.66)
(257.5,12.99)
(255,17.32)
(257.5,21.65)
(255,25.98)
(257.5,73.61)
(255,77.94)
(257.5,82.27)
(255,86.6)
(257.5,90.93)
(255,95.26)
(257.5,220.84)
(255,225.17)
(257.5,229.5)
(255,233.83)
(257.5,238.16)
(255,346.41)
(257.5,350.74)
(255,355.07)
(257.5,359.4)
(255,363.73)
(257.5,368.06)
(255,372.39)
(257.5,376.72)
(255,381.05)
(257.5,385.38)
(255,389.71)
(257.5,394.04)
(255,398.37)
(257.5,402.7)
(255,407.03)
(257.5,411.36)
(255,415.69)
(257.5,420.02)
(255,424.35)
(257.5,428.68)
(255,433.01)
(250,433.01)
(257.5,-4.33)
(262.5,-4.33)
(265,0)
(262.5,4.33)
(265,8.66)
(262.5,12.99)
(265,17.32)
(262.5,21.65)
(265,25.98)
(265,69.28)
(262.5,73.61)
(265,77.94)
(262.5,82.27)
(265,86.6)
(262.5,90.93)
(265,121.24)
(262.5,125.57)
(265,129.9)
(262.5,220.84)
(265,225.17)
(262.5,229.5)
(265,233.83)
(262.5,238.16)
(262.5,350.74)
(265,355.07)
(262.5,359.4)
(265,363.73)
(262.5,368.06)
(265,372.39)
(262.5,376.72)
(265,381.05)
(262.5,385.38)
(265,389.71)
(262.5,394.04)
(265,398.37)
(262.5,402.7)
(265,407.03)
(262.5,411.36)
(265,415.69)
(262.5,420.02)
(265,424.35)
(262.5,428.68)
(270,-0)
(272.5,4.33)
(270,8.66)
(272.5,12.99)
(270,17.32)
(272.5,21.65)
(270,25.98)
(272.5,30.31)
(270,69.28)
(272.5,73.61)
(270,77.94)
(272.5,82.27)
(270,86.6)
(272.5,90.93)
(270,95.26)
(272.5,99.59)
(270,103.92)
(272.5,108.25)
(270,112.58)
(272.5,116.91)
(270,121.24)
(272.5,125.57)
(270,129.9)
(272.5,134.23)
(272.5,160.21)
(270,355.07)
(272.5,359.4)
(270,363.73)
(272.5,368.06)
(270,372.39)
(272.5,376.72)
(270,381.05)
(272.5,385.38)
(270,389.71)
(272.5,394.04)
(270,398.37)
(272.5,402.7)
(270,407.03)
(272.5,411.36)
(270,415.69)
(272.5,420.02)
(270,424.35)
(272.5,428.68)
(270,433.01)
(265,433.01)
(272.5,-4.33)
(277.5,-4.33)
(280,0)
(277.5,4.33)
(280,8.66)
(277.5,12.99)
(280,17.32)
(277.5,21.65)
(280,25.98)
(277.5,30.31)
(280,34.64)
(277.5,73.61)
(280,77.94)
(277.5,82.27)
(280,86.6)
(277.5,90.93)
(280,95.26)
(277.5,99.59)
(280,103.92)
(277.5,108.25)
(280,112.58)
(277.5,116.91)
(280,121.24)
(277.5,125.57)
(280,129.9)
(277.5,134.23)
(280,155.88)
(277.5,160.21)
(277.5,359.4)
(280,363.73)
(277.5,368.06)
(280,372.39)
(277.5,376.72)
(280,381.05)
(277.5,385.38)
(280,389.71)
(277.5,394.04)
(280,398.37)
(277.5,402.7)
(280,407.03)
(277.5,411.36)
(280,415.69)
(277.5,420.02)
(280,424.35)
(277.5,428.68)
(285,0)
(287.5,4.33)
(285,8.66)
(287.5,12.99)
(285,17.32)
(287.5,21.65)
(285,25.98)
(287.5,30.31)
(285,34.64)
(285,77.94)
(287.5,82.27)
(285,86.6)
(287.5,90.93)
(285,95.26)
(287.5,99.59)
(285,103.92)
(287.5,108.25)
(285,112.58)
(287.5,142.89)
(285,147.22)
(287.5,151.55)
(285,155.88)
(287.5,255.48)
(287.5,359.4)
(285,363.73)
(287.5,368.06)
(285,372.39)
(287.5,376.72)
(285,381.05)
(287.5,385.38)
(285,389.71)
(287.5,394.04)
(285,398.37)
(287.5,402.7)
(285,407.03)
(287.5,411.36)
(285,415.69)
(287.5,420.02)
(285,424.35)
(287.5,428.68)
(285,433.01)
(280,433.01)
(287.5,-4.33)
(292.5,-4.33)
(295,0)
(292.5,4.33)
(295,8.66)
(292.5,12.99)
(295,17.32)
(292.5,21.65)
(295,25.98)
(292.5,30.31)
(295,34.64)
(295,129.9)
(292.5,134.23)
(295,138.56)
(292.5,142.89)
(295,147.22)
(292.5,151.55)
(295,155.88)
(295,225.17)
(292.5,229.5)
(295,233.83)
(292.5,238.16)
(295,242.49)
(292.5,246.82)
(295,251.15)
(292.5,255.48)
(295,259.81)
(295,277.13)
(292.5,281.46)
(292.5,359.4)
(295,363.73)
(292.5,368.06)
(295,372.39)
(292.5,376.72)
(295,381.05)
(292.5,385.38)
(295,389.71)
(292.5,394.04)
(295,398.37)
(292.5,402.7)
(295,407.03)
(292.5,411.36)
(295,415.69)
(292.5,420.02)
(295,424.35)
(292.5,428.68)
(300,-0)
(302.5,4.33)
(300,8.66)
(302.5,12.99)
(300,17.32)
(302.5,21.65)
(300,25.98)
(302.5,30.31)
(300,34.64)
(302.5,38.97)
(302.5,108.25)
(300,112.58)
(302.5,116.91)
(300,121.24)
(302.5,125.57)
(300,129.9)
(302.5,134.23)
(300,138.56)
(302.5,142.89)
(300,147.22)
(302.5,151.55)
(300,155.88)
(302.5,212.18)
(300,216.51)
(302.5,220.84)
(300,225.17)
(302.5,229.5)
(300,233.83)
(302.5,238.16)
(300,242.49)
(302.5,246.82)
(300,251.15)
(302.5,255.48)
(300,259.81)
(302.5,264.14)
(300,268.47)
(302.5,272.8)
(300,277.13)
(300,363.73)
(302.5,368.06)
(300,372.39)
(302.5,376.72)
(300,381.05)
(302.5,385.38)
(300,389.71)
(302.5,394.04)
(300,398.37)
(302.5,402.7)
(300,407.03)
(302.5,411.36)
(300,415.69)
(302.5,420.02)
(300,424.35)
(302.5,428.68)
(300,433.01)
(295,433.01)
(302.5,-4.33)
(307.5,-4.33)
(310,0)
(307.5,4.33)
(310,8.66)
(307.5,12.99)
(310,17.32)
(307.5,21.65)
(310,25.98)
(307.5,30.31)
(310,34.64)
(307.5,38.97)
(310,43.3)
(307.5,47.63)
(310,51.96)
(310,95.26)
(307.5,99.59)
(310,103.92)
(307.5,108.25)
(310,112.58)
(307.5,116.91)
(310,121.24)
(307.5,125.57)
(310,129.9)
(307.5,134.23)
(310,138.56)
(307.5,142.89)
(310,147.22)
(307.5,151.55)
(310,199.19)
(307.5,203.52)
(310,207.85)
(307.5,212.18)
(310,216.51)
(307.5,220.84)
(310,225.17)
(307.5,229.5)
(310,233.83)
(307.5,238.16)
(310,242.49)
(307.5,246.82)
(310,251.15)
(307.5,255.48)
(310,259.81)
(307.5,264.14)
(310,268.47)
(307.5,272.8)
(310,277.13)
(307.5,368.06)
(310,372.39)
(307.5,376.72)
(310,381.05)
(307.5,385.38)
(310,389.71)
(307.5,394.04)
(310,398.37)
(307.5,402.7)
(310,407.03)
(307.5,411.36)
(310,415.69)
(307.5,420.02)
(310,424.35)
(307.5,428.68)
(315,0)
(317.5,4.33)
(315,8.66)
(317.5,12.99)
(315,17.32)
(317.5,21.65)
(315,25.98)
(317.5,30.31)
(315,34.64)
(317.5,38.97)
(315,43.3)
(317.5,47.63)
(315,51.96)
(317.5,56.29)
(315,60.62)
(317.5,64.95)
(315,69.28)
(317.5,73.61)
(315,77.94)
(317.5,82.27)
(315,86.6)
(317.5,90.93)
(315,95.26)
(317.5,99.59)
(315,103.92)
(317.5,108.25)
(315,112.58)
(317.5,116.91)
(315,121.24)
(317.5,125.57)
(315,129.9)
(317.5,134.23)
(315,138.56)
(317.5,142.89)
(315,147.22)
(317.5,151.55)
(317.5,194.86)
(315,199.19)
(317.5,203.52)
(315,207.85)
(317.5,212.18)
(315,216.51)
(317.5,220.84)
(315,225.17)
(317.5,229.5)
(315,233.83)
(317.5,238.16)
(315,242.49)
(317.5,246.82)
(315,251.15)
(317.5,255.48)
(315,259.81)
(317.5,264.14)
(315,268.47)
(317.5,272.8)
(315,277.13)
(317.5,281.46)
(315,285.79)
(317.5,290.12)
(317.5,368.06)
(315,372.39)
(317.5,376.72)
(315,381.05)
(317.5,385.38)
(315,389.71)
(317.5,394.04)
(315,398.37)
(317.5,402.7)
(315,407.03)
(317.5,411.36)
(315,415.69)
(317.5,420.02)
(315,424.35)
(317.5,428.68)
(315,433.01)
(310,433.01)
(317.5,-4.33)
(322.5,-4.33)
(325,0)
(322.5,4.33)
(325,8.66)
(322.5,12.99)
(325,17.32)
(322.5,21.65)
(325,25.98)
(322.5,30.31)
(325,34.64)
(322.5,38.97)
(325,43.3)
(322.5,47.63)
(325,51.96)
(322.5,56.29)
(325,60.62)
(322.5,64.95)
(325,69.28)
(322.5,73.61)
(325,77.94)
(322.5,82.27)
(325,86.6)
(322.5,90.93)
(325,95.26)
(322.5,99.59)
(325,103.92)
(322.5,108.25)
(325,112.58)
(322.5,116.91)
(325,121.24)
(322.5,125.57)
(325,129.9)
(322.5,134.23)
(325,138.56)
(322.5,142.89)
(325,147.22)
(322.5,151.55)
(322.5,194.86)
(325,199.19)
(322.5,203.52)
(325,207.85)
(322.5,212.18)
(325,216.51)
(322.5,220.84)
(325,225.17)
(322.5,229.5)
(325,233.83)
(322.5,238.16)
(325,242.49)
(322.5,246.82)
(325,251.15)
(322.5,255.48)
(325,259.81)
(322.5,264.14)
(325,268.47)
(322.5,272.8)
(325,277.13)
(322.5,281.46)
(325,285.79)
(322.5,290.12)
(325,294.45)
(322.5,298.78)
(325,303.11)
(322.5,368.06)
(325,372.39)
(322.5,376.72)
(325,381.05)
(322.5,385.38)
(325,389.71)
(322.5,394.04)
(325,398.37)
(322.5,402.7)
(325,407.03)
(322.5,411.36)
(325,415.69)
(322.5,420.02)
(325,424.35)
(322.5,428.68)
(330,-0)
(332.5,4.33)
(330,8.66)
(332.5,12.99)
(330,17.32)
(332.5,21.65)
(330,25.98)
(332.5,30.31)
(330,34.64)
(332.5,38.97)
(330,43.3)
(332.5,47.63)
(330,51.96)
(332.5,56.29)
(330,60.62)
(332.5,64.95)
(330,69.28)
(332.5,73.61)
(330,77.94)
(332.5,82.27)
(330,86.6)
(332.5,90.93)
(330,95.26)
(332.5,99.59)
(330,103.92)
(332.5,108.25)
(330,112.58)
(332.5,116.91)
(330,121.24)
(332.5,125.57)
(330,129.9)
(332.5,134.23)
(330,138.56)
(332.5,142.89)
(330,147.22)
(332.5,151.55)
(332.5,194.86)
(330,199.19)
(332.5,203.52)
(330,207.85)
(332.5,212.18)
(330,216.51)
(332.5,220.84)
(330,225.17)
(332.5,229.5)
(330,233.83)
(332.5,238.16)
(330,242.49)
(332.5,246.82)
(330,251.15)
(332.5,255.48)
(330,259.81)
(332.5,264.14)
(330,268.47)
(332.5,272.8)
(330,277.13)
(332.5,281.46)
(330,285.79)
(332.5,290.12)
(330,294.45)
(332.5,298.78)
(330,303.11)
(332.5,307.44)
(330,311.77)
(332.5,316.1)
(332.5,368.06)
(330,372.39)
(332.5,376.72)
(330,381.05)
(332.5,385.38)
(330,389.71)
(332.5,394.04)
(330,398.37)
(332.5,402.7)
(330,407.03)
(332.5,411.36)
(330,415.69)
(332.5,420.02)
(330,424.35)
(332.5,428.68)
(330,433.01)
(325,433.01)
(332.5,-4.33)
(337.5,-4.33)
(340,0)
(337.5,4.33)
(340,8.66)
(337.5,12.99)
(340,17.32)
(337.5,21.65)
(340,25.98)
(337.5,30.31)
(340,34.64)
(337.5,38.97)
(340,43.3)
(337.5,47.63)
(340,51.96)
(337.5,56.29)
(340,60.62)
(337.5,64.95)
(340,69.28)
(337.5,73.61)
(340,77.94)
(337.5,82.27)
(340,86.6)
(337.5,90.93)
(340,95.26)
(337.5,99.59)
(340,103.92)
(337.5,108.25)
(340,112.58)
(337.5,116.91)
(340,121.24)
(337.5,125.57)
(340,129.9)
(337.5,134.23)
(340,138.56)
(337.5,142.89)
(340,147.22)
(337.5,151.55)
(340,190.53)
(337.5,194.86)
(340,199.19)
(337.5,203.52)
(340,207.85)
(337.5,212.18)
(340,216.51)
(337.5,220.84)
(340,225.17)
(337.5,229.5)
(340,233.83)
(337.5,238.16)
(340,242.49)
(337.5,246.82)
(340,251.15)
(337.5,255.48)
(340,259.81)
(337.5,264.14)
(340,268.47)
(337.5,272.8)
(340,277.13)
(337.5,281.46)
(340,285.79)
(337.5,290.12)
(340,294.45)
(337.5,298.78)
(340,303.11)
(337.5,307.44)
(340,311.77)
(337.5,316.1)
(340,320.43)
(337.5,324.76)
(340,329.09)
(337.5,333.42)
(340,337.75)
(340,355.07)
(337.5,359.4)
(340,363.73)
(337.5,368.06)
(340,372.39)
(337.5,376.72)
(340,381.05)
(337.5,385.38)
(340,389.71)
(337.5,394.04)
(340,398.37)
(337.5,402.7)
(340,407.03)
(337.5,411.36)
(340,415.69)
(337.5,420.02)
(340,424.35)
(337.5,428.68)
(345,-0)
(347.5,4.33)
(345,8.66)
(347.5,12.99)
(345,17.32)
(347.5,21.65)
(345,25.98)
(347.5,30.31)
(345,34.64)
(347.5,38.97)
(345,43.3)
(347.5,47.63)
(345,51.96)
(347.5,56.29)
(345,60.62)
(347.5,64.95)
(345,69.28)
(347.5,73.61)
(345,77.94)
(347.5,82.27)
(345,86.6)
(347.5,90.93)
(345,95.26)
(347.5,99.59)
(345,103.92)
(347.5,108.25)
(345,112.58)
(347.5,116.91)
(345,121.24)
(347.5,125.57)
(345,129.9)
(347.5,134.23)
(345,138.56)
(347.5,142.89)
(345,147.22)
(347.5,151.55)
(347.5,177.54)
(345,181.87)
(347.5,186.2)
(345,190.53)
(347.5,194.86)
(345,199.19)
(347.5,203.52)
(345,207.85)
(347.5,212.18)
(345,216.51)
(347.5,220.84)
(345,225.17)
(347.5,229.5)
(345,233.83)
(347.5,238.16)
(345,242.49)
(347.5,246.82)
(345,251.15)
(347.5,255.48)
(345,259.81)
(347.5,264.14)
(345,268.47)
(347.5,272.8)
(345,277.13)
(347.5,281.46)
(345,285.79)
(347.5,290.12)
(345,294.45)
(347.5,298.78)
(345,303.11)
(347.5,307.44)
(345,311.77)
(347.5,316.1)
(345,320.43)
(347.5,324.76)
(345,329.09)
(347.5,333.42)
(345,337.75)
(347.5,342.08)
(345,346.41)
(347.5,350.74)
(345,355.07)
(347.5,359.4)
(345,363.73)
(347.5,368.06)
(345,372.39)
(347.5,376.72)
(345,381.05)
(347.5,385.38)
(345,389.71)
(347.5,394.04)
(345,398.37)
(347.5,402.7)
(345,407.03)
(347.5,411.36)
(345,415.69)
(347.5,420.02)
(345,424.35)
(347.5,428.68)
(345,433.01)
(340,433.01)
(347.5,-4.33)
(352.5,-4.33)
(355,0)
(352.5,4.33)
(355,8.66)
(352.5,12.99)
(355,17.32)
(352.5,21.65)
(355,25.98)
(352.5,30.31)
(355,34.64)
(352.5,38.97)
(355,43.3)
(352.5,47.63)
(355,51.96)
(352.5,56.29)
(355,60.62)
(352.5,64.95)
(355,69.28)
(352.5,73.61)
(355,77.94)
(352.5,82.27)
(355,86.6)
(352.5,90.93)
(355,95.26)
(352.5,99.59)
(355,103.92)
(352.5,108.25)
(355,112.58)
(352.5,116.91)
(355,121.24)
(352.5,125.57)
(355,129.9)
(352.5,134.23)
(355,138.56)
(352.5,142.89)
(355,147.22)
(352.5,151.55)
(355,155.88)
(355,173.21)
(352.5,177.54)
(355,181.87)
(352.5,186.2)
(355,190.53)
(352.5,194.86)
(355,199.19)
(352.5,203.52)
(355,207.85)
(352.5,212.18)
(355,216.51)
(352.5,220.84)
(355,225.17)
(352.5,229.5)
(355,233.83)
(352.5,238.16)
(355,242.49)
(352.5,246.82)
(355,251.15)
(352.5,255.48)
(355,259.81)
(352.5,264.14)
(355,268.47)
(352.5,272.8)
(355,277.13)
(352.5,281.46)
(355,285.79)
(352.5,290.12)
(355,294.45)
(352.5,298.78)
(355,303.11)
(352.5,307.44)
(355,311.77)
(352.5,316.1)
(355,320.43)
(352.5,324.76)
(355,329.09)
(352.5,333.42)
(355,337.75)
(352.5,342.08)
(355,346.41)
(352.5,350.74)
(355,355.07)
(352.5,359.4)
(355,363.73)
(352.5,368.06)
(355,372.39)
(352.5,376.72)
(355,381.05)
(352.5,385.38)
(355,389.71)
(352.5,394.04)
(355,398.37)
(352.5,402.7)
(355,407.03)
(352.5,411.36)
(355,415.69)
(352.5,420.02)
(355,424.35)
(352.5,428.68)
(360,0)
(362.5,4.33)
(360,8.66)
(362.5,12.99)
(360,17.32)
(362.5,21.65)
(360,25.98)
(362.5,30.31)
(360,34.64)
(362.5,38.97)
(360,43.3)
(362.5,47.63)
(360,51.96)
(362.5,56.29)
(360,60.62)
(362.5,64.95)
(360,69.28)
(362.5,73.61)
(360,77.94)
(362.5,82.27)
(360,86.6)
(362.5,90.93)
(360,95.26)
(362.5,99.59)
(360,103.92)
(362.5,108.25)
(360,112.58)
(362.5,116.91)
(360,121.24)
(362.5,125.57)
(360,129.9)
(362.5,134.23)
(360,138.56)
(362.5,142.89)
(360,147.22)
(362.5,151.55)
(360,155.88)
(362.5,160.21)
(360,164.54)
(362.5,168.87)
(360,173.21)
(362.5,177.54)
(360,181.87)
(362.5,186.2)
(360,190.53)
(362.5,194.86)
(360,199.19)
(362.5,203.52)
(360,207.85)
(362.5,212.18)
(360,216.51)
(362.5,220.84)
(360,225.17)
(362.5,229.5)
(360,233.83)
(362.5,238.16)
(360,242.49)
(362.5,246.82)
(360,251.15)
(362.5,255.48)
(360,259.81)
(362.5,264.14)
(360,268.47)
(362.5,272.8)
(360,277.13)
(362.5,281.46)
(360,285.79)
(362.5,290.12)
(360,294.45)
(362.5,298.78)
(360,303.11)
(362.5,307.44)
(360,311.77)
(362.5,316.1)
(360,320.43)
(362.5,324.76)
(360,329.09)
(362.5,333.42)
(360,337.75)
(362.5,342.08)
(360,346.41)
(362.5,350.74)
(360,355.07)
(362.5,359.4)
(360,363.73)
(362.5,368.06)
(360,372.39)
(362.5,376.72)
(360,381.05)
(362.5,385.38)
(360,389.71)
(362.5,394.04)
(360,398.37)
(362.5,402.7)
(360,407.03)
(362.5,411.36)
(360,415.69)
(362.5,420.02)
(360,424.35)
(362.5,428.68)
(360,433.01)
(355,433.01)
(362.5,-4.33)
(367.5,-4.33)
(370,0)
(367.5,4.33)
(370,8.66)
(367.5,12.99)
(370,17.32)
(367.5,21.65)
(370,25.98)
(367.5,30.31)
(370,34.64)
(367.5,38.97)
(370,43.3)
(367.5,47.63)
(370,51.96)
(367.5,56.29)
(370,60.62)
(367.5,64.95)
(370,69.28)
(367.5,73.61)
(370,77.94)
(367.5,82.27)
(370,86.6)
(367.5,90.93)
(370,95.26)
(367.5,99.59)
(370,103.92)
(367.5,108.25)
(370,112.58)
(367.5,116.91)
(370,121.24)
(367.5,125.57)
(370,129.9)
(367.5,134.23)
(370,138.56)
(367.5,142.89)
(370,147.22)
(367.5,151.55)
(370,155.88)
(367.5,160.21)
(370,164.54)
(367.5,168.87)
(370,173.21)
(367.5,177.54)
(370,181.87)
(367.5,186.2)
(370,190.53)
(367.5,194.86)
(370,199.19)
(367.5,203.52)
(370,207.85)
(367.5,212.18)
(370,216.51)
(367.5,220.84)
(370,225.17)
(367.5,229.5)
(370,233.83)
(367.5,238.16)
(370,242.49)
(367.5,246.82)
(370,251.15)
(367.5,255.48)
(370,259.81)
(367.5,264.14)
(370,268.47)
(367.5,272.8)
(370,277.13)
(367.5,281.46)
(370,285.79)
(367.5,290.12)
(370,294.45)
(367.5,298.78)
(370,303.11)
(367.5,307.44)
(370,311.77)
(367.5,316.1)
(370,320.43)
(367.5,324.76)
(370,329.09)
(367.5,333.42)
(370,337.75)
(367.5,342.08)
(370,346.41)
(367.5,350.74)
(370,355.07)
(367.5,359.4)
(370,363.73)
(367.5,368.06)
(370,372.39)
(367.5,376.72)
(370,381.05)
(367.5,385.38)
(370,389.71)
(367.5,394.04)
(370,398.37)
(367.5,402.7)
(370,407.03)
(367.5,411.36)
(370,415.69)
(367.5,420.02)
(370,424.35)
(367.5,428.68)
(375,-0)
(377.5,4.33)
(375,8.66)
(377.5,12.99)
(375,17.32)
(377.5,21.65)
(375,25.98)
(377.5,30.31)
(375,34.64)
(377.5,38.97)
(375,43.3)
(377.5,47.63)
(375,51.96)
(377.5,56.29)
(375,60.62)
(377.5,64.95)
(375,69.28)
(377.5,73.61)
(375,77.94)
(377.5,82.27)
(375,86.6)
(377.5,90.93)
(375,95.26)
(377.5,99.59)
(375,103.92)
(377.5,108.25)
(375,112.58)
(377.5,116.91)
(375,121.24)
(377.5,125.57)
(375,129.9)
(377.5,134.23)
(375,138.56)
(377.5,142.89)
(375,147.22)
(377.5,151.55)
(375,155.88)
(377.5,160.21)
(375,164.54)
(377.5,168.87)
(375,173.21)
(377.5,177.54)
(375,181.87)
(377.5,186.2)
(375,190.53)
(377.5,194.86)
(375,199.19)
(377.5,203.52)
(375,207.85)
(377.5,212.18)
(375,216.51)
(377.5,220.84)
(375,225.17)
(377.5,229.5)
(375,233.83)
(377.5,238.16)
(375,242.49)
(377.5,246.82)
(375,251.15)
(377.5,255.48)
(375,259.81)
(377.5,264.14)
(375,268.47)
(377.5,272.8)
(375,277.13)
(377.5,281.46)
(375,285.79)
(377.5,290.12)
(375,294.45)
(377.5,298.78)
(375,303.11)
(377.5,307.44)
(375,311.77)
(377.5,316.1)
(375,320.43)
(377.5,324.76)
(375,329.09)
(377.5,333.42)
(375,337.75)
(377.5,342.08)
(375,346.41)
(377.5,350.74)
(375,355.07)
(377.5,359.4)
(375,363.73)
(377.5,368.06)
(375,372.39)
(377.5,376.72)
(375,381.05)
(377.5,385.38)
(375,389.71)
(377.5,394.04)
(375,398.37)
(377.5,402.7)
(375,407.03)
(377.5,411.36)
(375,415.69)
(377.5,420.02)
(375,424.35)
(377.5,428.68)
(375,433.01)
(370,433.01)
